DIM PLAN_LS= PLANARIT DI PIANO 32_LS  SD=0.0107  UNIT=MM
AS   NOMINALE        MIS
M       0.0000     0.0346
DATIPUNTI  N.PUNTO   MIS X      Y        Z      VETT I      J        K    DEVIAZIONE
32_LS         1  11.4148  -0.0016   2.5019   0.0000  -1.0000   0.0000   -0.0087 
              2  11.4139  -0.0024   1.5003   0.0000  -1.0000   0.0000   -0.0060 
              3  14.6120   0.0061   2.5001   0.0000  -1.0000   0.0000   -0.0138 
              4  14.6148  -0.0007   1.5002   0.0000  -1.0000   0.0000   -0.0051 
              5  17.8118   0.0020   2.5000   0.0000  -1.0000   0.0000   -0.0070 
              6  17.8147   0.0091   1.5003   0.0000  -1.0000   0.0000   -0.0122 
              7  21.0119  -0.0122   2.5000   0.0000  -1.0000   0.0000    0.0098 
              8  21.0145  -0.0083   1.4997   0.0000  -1.0000   0.0000    0.0078 
              9  24.2116  -0.0191   2.5000   0.0000  -1.0000   0.0000    0.0193 MAX
             10  24.2120  -0.0144   1.5005   0.0000  -1.0000   0.0000    0.0165 
             11  27.4120  -0.0136   2.5000   0.0000  -1.0000   0.0000    0.0164 
             12  27.4147  -0.0071   1.5001   0.0000  -1.0000   0.0000    0.0118 
             13  30.6120   0.0108   2.5000   0.0000  -1.0000   0.0000   -0.0054 
             14  30.6146   0.0029   1.5000   0.0000  -1.0000   0.0000    0.0045 
             15  33.8117  -0.0005   2.5000   0.0000  -1.0000   0.0000    0.0086 
             16  33.8147  -0.0037   1.4999   0.0000  -1.0000   0.0000    0.0137 
             17  37.0117   0.0155   2.5002   0.0000  -1.0000   0.0000   -0.0048 
             18  37.0144   0.0211   1.4997   0.0000  -1.0000   0.0000   -0.0086 
             19  40.2118   0.0245   2.5000   0.0000  -1.0000   0.0000   -0.0113 
             20  40.2146   0.0241   1.5003   0.0000  -1.0000   0.0000   -0.0090 
             21  43.4118   0.0285   2.5000   0.0000  -1.0000   0.0000   -0.0126 
             22  43.4148   0.0331   1.4999   0.0000  -1.0000   0.0000   -0.0153 MIN
             23  46.6121   0.0166   2.4999   0.0000  -1.0000   0.0000    0.0019 
             24  46.6143   0.0231   1.5003   0.0000  -1.0000   0.0000   -0.0027 
             25  49.8120   0.0134   2.4999   0.0000  -1.0000   0.0000    0.0077 
             26  49.8145   0.0183   1.4995   0.0000  -1.0000   0.0000    0.0047 
 
 
DIM PLAN_LN= PLANARIT DI PIANO 32_LN  SD=0.0171  UNIT=MM
AS   NOMINALE        MIS
M       0.0000     0.0524
DATIPUNTI  N.PUNTO   MIS X      Y        Z      VETT I      J        K    DEVIAZIONE
32_LN         1  40.1958  56.2775   2.5011  -0.0000   1.0000  -0.0000    0.0287 MAX
              2  40.1922  56.2785   1.5001  -0.0000   1.0000  -0.0000    0.0283 
              3  36.9943  56.2662   2.4999  -0.0000   1.0000  -0.0000    0.0181 
              4  36.9922  56.2734   1.5000  -0.0000   1.0000  -0.0000    0.0239 
              5  33.7943  56.2331   2.5000  -0.0000   1.0000  -0.0000   -0.0142 
              6  33.7920  56.2250   1.5003  -0.0000   1.0000  -0.0000   -0.0237 MIN
              7  30.5943  56.2291   2.4999  -0.0000   1.0000  -0.0000   -0.0174 
              8  30.5919  56.2273   1.4996  -0.0000   1.0000  -0.0000   -0.0207 
              9  27.3943  56.2235   2.5000  -0.0000   1.0000  -0.0000   -0.0222 
             10  27.3919  56.2327   1.5005  -0.0000   1.0000  -0.0000   -0.0145 
             11  24.1944  56.2286   2.5000  -0.0000   1.0000  -0.0000   -0.0164 
             12  24.1918  56.2306   1.5004  -0.0000   1.0000  -0.0000   -0.0158 
             13  20.9942  56.2400   2.5001  -0.0000   1.0000  -0.0000   -0.0042 
             14  20.9923  56.2449   1.5000  -0.0000   1.0000  -0.0000   -0.0007 
             15  17.7943  56.2333   2.5000  -0.0000   1.0000  -0.0000   -0.0101 
             16  17.7962  56.2357   1.5000  -0.0000   1.0000  -0.0000   -0.0092 
             17  14.5942  56.2545   2.4999  -0.0000   1.0000  -0.0000    0.0118 
             18  14.5920  56.2489   1.5001  -0.0000   1.0000  -0.0000    0.0048 
             19  11.3943  56.2534   2.4999  -0.0000   1.0000  -0.0000    0.0114 
             20  11.3922  56.2501   1.4997  -0.0000   1.0000  -0.0000    0.0068 
             21   8.1944  56.2615   2.4999  -0.0000   1.0000  -0.0000    0.0203 
             22   8.1918  56.2575   1.4999  -0.0000   1.0000  -0.0000    0.0149 
             23   4.9944  56.2526   2.5000  -0.0000   1.0000  -0.0000    0.0122 
             24   4.9919  56.2590   1.5000  -0.0000   1.0000  -0.0000    0.0172 
             25   1.7944  56.2217   2.5001  -0.0000   1.0000  -0.0000   -0.0180 
             26   1.7918  56.2297   1.5001  -0.0000   1.0000  -0.0000   -0.0114 
 
 
PART NUMBER=552-...-...-...    DATE=14/02/2022     TIME=11:46:01           PAGE#=2
DIM PLAN_FS= PLANARIT DI PIANO 32_FS  SD=0.0143  UNIT=MM
AS   NOMINALE        MIS
M       0.0000     0.0646
DATIPUNTI  N.PUNTO   MIS X      Y        Z      VETT I      J        K    DEVIAZIONE
32_FS         1   3.0000   7.5501   3.3470   0.0000  -0.0000   1.0000   -0.0065 
              2   7.4500   7.5476   3.3269  -0.0000  -0.0000   1.0000   -0.0230 
              3  11.8996   7.5459   3.3263  -0.0000  -0.0000   1.0000   -0.0201 
              4  16.3498   7.5449   3.3477  -0.0000  -0.0000   1.0000    0.0049 
              5  20.8001   7.5452   3.3305  -0.0000  -0.0000   1.0000   -0.0088 
              6  25.2499   7.5450   3.3217  -0.0000  -0.0000   1.0000   -0.0141 
              7   3.0001  12.0988   3.3460   0.0000  -0.0000   1.0000   -0.0066 
              8   7.4487  12.0953   3.3355  -0.0000  -0.0000   1.0000   -0.0136 
              9  11.8999  12.0958   3.3366  -0.0000  -0.0000   1.0000   -0.0089 
             10  16.3497  12.0958   3.3516  -0.0000  -0.0000   1.0000    0.0096 
             11  20.8007  12.0960   3.3344  -0.0000  -0.0000   1.0000   -0.0040 
             12  25.2501  12.0958   3.3270  -0.0000  -0.0000   1.0000   -0.0079 
             13   3.0000  16.6514   3.3484   0.0000  -0.0000   1.0000   -0.0034 
             14   7.4497  16.6479   3.3386  -0.0000  -0.0000   1.0000   -0.0096 
             15  11.9007  16.6464   3.3442  -0.0000  -0.0000   1.0000   -0.0004 
             16  16.3500  16.6460   3.3554  -0.0000  -0.0000   1.0000    0.0143 
             17  20.7998  16.6459   3.3326  -0.0000  -0.0000   1.0000   -0.0050 
             18  25.2498  16.6457   3.3281  -0.0000  -0.0000   1.0000   -0.0059 
             19   3.0001  21.1997   3.3473   0.0000  -0.0000   1.0000   -0.0035 
             20   7.4498  21.1970   3.3567  -0.0000  -0.0000   1.0000    0.0094 
             21  11.8998  21.1960   3.3456  -0.0000  -0.0000   1.0000    0.0018 
             22  16.3496  21.1957   3.3579  -0.0000  -0.0000   1.0000    0.0176 
             23  20.8004  21.1955   3.3344  -0.0000  -0.0000   1.0000   -0.0023 
             24  25.2492  21.1949   3.3304  -0.0000  -0.0000   1.0000   -0.0028 
             25  29.6995  21.1950   3.3216  -0.0000  -0.0000   1.0000   -0.0080 
             26  34.1492  21.1952   3.3140  -0.0000  -0.0000   1.0000   -0.0120 
             27  38.5998  21.1954   3.3359  -0.0000  -0.0000   1.0000    0.0134 
             28  43.0499  21.1954   3.3314  -0.0000  -0.0000   1.0000    0.0124 
             29  47.5007  21.1953   3.3353  -0.0000  -0.0000   1.0000    0.0198 
             30   3.0001  25.7505   3.3542   0.0000  -0.0000   1.0000    0.0042 
             31   7.4501  25.7469   3.3666  -0.0000  -0.0000   1.0000    0.0201 
             32  11.8999  25.7465   3.3685  -0.0000  -0.0000   1.0000    0.0255 
             33  16.3501  25.7461   3.3631  -0.0000  -0.0000   1.0000    0.0237 
             34  20.8002  25.7460   3.3363  -0.0000  -0.0000   1.0000    0.0005 
             35  25.2503  25.7461   3.3322  -0.0000  -0.0000   1.0000   -0.0001 
             36  29.6999  25.7462   3.3293  -0.0000  -0.0000   1.0000    0.0006 
             37  34.1501  25.7461   3.3240  -0.0000  -0.0000   1.0000   -0.0012 
             38  38.5999  25.7461   3.3405  -0.0000  -0.0000   1.0000    0.0188 
             39  43.0501  25.7460   3.3427  -0.0000  -0.0000   1.0000    0.0245 
             40  47.5001  25.7456   3.3400  -0.0000  -0.0000   1.0000    0.0255 
             41   3.0002  30.3000   3.3533   0.0000  -0.0000   1.0000    0.0041 
             42   7.4492  30.2961   3.3684  -0.0000  -0.0000   1.0000    0.0227 
             43  11.9006  30.2959   3.3644  -0.0000  -0.0000   1.0000    0.0224 
             44  16.3500  30.2956   3.3566  -0.0000  -0.0000   1.0000    0.0181 
             45  20.8001  30.2955   3.3344  -0.0000  -0.0000   1.0000   -0.0006 
             46  25.2500  30.2957   3.3318  -0.0000  -0.0000   1.0000    0.0004 
             47  29.6998  30.2956   3.3354  -0.0000  -0.0000   1.0000    0.0075 
             48  34.1496  30.2954   3.3174  -0.0000  -0.0000   1.0000   -0.0070 
             49  38.5992  30.2949   3.3270  -0.0000  -0.0000   1.0000    0.0063 
             50  43.0496  30.2954   3.3334  -0.0000  -0.0000   1.0000    0.0162 
             51  47.4997  30.2958   3.3294  -0.0000  -0.0000   1.0000    0.0157 
             52   3.0006  34.8513   3.3492   0.0000  -0.0000   1.0000    0.0009 
             53   7.4498  34.8468   3.3637  -0.0000  -0.0000   1.0000    0.0190 
             54  11.8997  34.8458   3.3537  -0.0000  -0.0000   1.0000    0.0125 
             55  16.3497  34.8459   3.3514  -0.0000  -0.0000   1.0000    0.0137 
             56  20.8000  34.8456   3.3292  -0.0000  -0.0000   1.0000   -0.0049 
             57  25.2500  34.8454   3.3213  -0.0000  -0.0000   1.0000   -0.0093 
             58  29.7000  34.8450   3.3241  -0.0000  -0.0000   1.0000   -0.0030 
             59  34.1490  34.8449   3.3106  -0.0000  -0.0000   1.0000   -0.0128 
             60  38.5998  34.8454   3.3266  -0.0000  -0.0000   1.0000    0.0067 
             61  43.0494  34.8452   3.3276  -0.0000  -0.0000   1.0000    0.0112 
             62  47.5005  34.8451   3.3262  -0.0000  -0.0000   1.0000    0.0133 
             63   3.0001  39.4001   3.3448   0.0000  -0.0000   1.0000   -0.0026 
             64   7.4492  39.3968   3.3637  -0.0000  -0.0000   1.0000    0.0198 
             65  11.9004  39.3965   3.3595  -0.0000  -0.0000   1.0000    0.0191 
             66  16.3500  39.3961   3.3471  -0.0000  -0.0000   1.0000    0.0103 
             67  20.7998  39.3962   3.3231  -0.0000  -0.0000   1.0000   -0.0102 
             68  25.2504  39.3962   3.3174  -0.0000  -0.0000   1.0000   -0.0123 
             69  29.6998  39.3962   3.3184  -0.0000  -0.0000   1.0000   -0.0077 
             70  34.1497  39.3963   3.3066  -0.0000  -0.0000   1.0000   -0.0160 
             71  38.5997  39.3961   3.3211  -0.0000  -0.0000   1.0000    0.0020 
             72  43.0498  39.3960   3.3252  -0.0000  -0.0000   1.0000    0.0096 
             73  47.5000  39.3958   3.3166  -0.0000  -0.0000   1.0000    0.0046 
             74   3.0002  43.9512   3.3471   0.0000  -0.0000   1.0000    0.0005 
             75   7.4496  43.9475   3.3616  -0.0000  -0.0000   1.0000    0.0185 
             76  11.9000  43.9459   3.3549  -0.0000  -0.0000   1.0000    0.0154 
             77  16.3497  43.9452   3.3397  -0.0000  -0.0000   1.0000    0.0038 
             78  20.7999  43.9456   3.3158  -0.0000  -0.0000   1.0000   -0.0166 
             79  25.2491  43.9457   3.3100  -0.0000  -0.0000   1.0000   -0.0188 
             80  29.6999  43.9456   3.3121  -0.0000  -0.0000   1.0000   -0.0132 
             81  34.1497  43.9456   3.3060  -0.0000  -0.0000   1.0000   -0.0158 
             82  38.5993  43.9452   3.3154  -0.0000  -0.0000   1.0000   -0.0029 
             83  43.0496  43.9452   3.3215  -0.0000  -0.0000   1.0000    0.0069 
             84  47.4997  43.9453   3.3134  -0.0000  -0.0000   1.0000    0.0023 
             85   2.9999  48.4985   3.3391   0.0000  -0.0000   1.0000   -0.0067 
             86   7.4498  48.4955   3.3591  -0.0000  -0.0000   1.0000    0.0170 
             87  11.8999  48.4958   3.3583  -0.0000  -0.0000   1.0000    0.0197 
             88  16.3495  48.4964   3.3356  -0.0000  -0.0000   1.0000    0.0005 
             89  20.7998  48.4962   3.3102  -0.0000  -0.0000   1.0000   -0.0213 
             90  25.2495  48.4963   3.2999  -0.0000  -0.0000   1.0000   -0.0281 
             91  29.6993  48.4960   3.3068  -0.0000  -0.0000   1.0000   -0.0177 
             92  34.1489  48.4959   3.2990  -0.0000  -0.0000   1.0000   -0.0219 
             93  38.5996  48.4961   3.3113  -0.0000  -0.0000   1.0000   -0.0060 
             94  43.0496  48.4962   3.3188  -0.0000  -0.0000   1.0000    0.0050 
             95  47.4995  48.4963   3.3089  -0.0000  -0.0000   1.0000   -0.0014 
             96   3.0001  53.0516   3.3382   0.0000  -0.0000   1.0000   -0.0066 
             97   7.4500  53.0470   3.3674  -0.0000  -0.0000   1.0000    0.0261 MAX
             98  11.8997  53.0465   3.3518  -0.0000  -0.0000   1.0000    0.0140 
             99  16.3500  53.0463   3.3260  -0.0000  -0.0000   1.0000   -0.0082 
            100  20.7995  53.0462   3.3017  -0.0000  -0.0000   1.0000   -0.0290 
            101  25.2502  53.0464   3.2887  -0.0000  -0.0000   1.0000   -0.0385 MIN
            102  29.6998  53.0458   3.3022  -0.0000  -0.0000   1.0000   -0.0213 
            103  34.1499  53.0466   3.2949  -0.0000  -0.0000   1.0000   -0.0251 
            104  38.5995  53.0463   3.3089  -0.0000  -0.0000   1.0000   -0.0076 
            105  43.0495  53.0464   3.3164  -0.0000  -0.0000   1.0000    0.0034 
            106  47.4999  53.0464   3.3072  -0.0000  -0.0000   1.0000   -0.0022 
            107   2.9999   2.9945   3.3604   0.0000  -0.0000   1.0000    0.0061 
            108   7.4491   2.9959   3.3270   0.0000  -0.0000   1.0000   -0.0238 
            109  11.8993   2.9957   3.3170   0.0000  -0.0000   1.0000   -0.0303 
            110  16.3502   2.9956   3.3461   0.0000  -0.0000   1.0000    0.0024 
            111  20.7999   2.9957   3.3300   0.0000  -0.0000   1.0000   -0.0101 
            112  25.2501   2.9956   3.3193   0.0000  -0.0000   1.0000   -0.0173 
 
 
PART NUMBER=552-...-...-...    DATE=14/02/2022     TIME=11:46:01           PAGE#=3
DIM RETTIL_LE= RETTILINEIT DI LINEA 32_LE  SD=0.0081  UNIT=MM
AS   NOMINALE        MIS
M       0.0000     0.0240
DATIPUNTI  N.PUNTO   MIS X      Y        Z      VETT I      J        K    DEVIAZIONE
32_LE         1  51.4465   2.8080   1.8350  -0.0002   1.0000  -0.0061   -0.0050 
              2  51.4275   7.1145   1.8350  -0.0002   1.0000  -0.0061   -0.0106 
              3  51.4378  11.4068   1.8350  -0.0002   1.0000  -0.0061    0.0132 MAX
              4  51.4130  15.7122   1.8350  -0.0002   1.0000  -0.0061    0.0018 
              5  51.4093  20.0124   1.8350  -0.0002   1.0000  -0.0061    0.0116 
              6  51.3895  24.3100   1.8350  -0.0002   1.0000  -0.0061    0.0052 
              7  51.3600  28.6118   1.8350  -0.0002   1.0000  -0.0061   -0.0109 MIN
              8  51.3513  32.9077   1.8350  -0.0002   1.0000  -0.0061   -0.0061 
              9  51.3408  37.2095   1.8350  -0.0002   1.0000  -0.0061   -0.0032 
             10  51.3303  41.5124   1.8350  -0.0002   1.0000  -0.0061   -0.0002 
             11  51.3212  45.8072   1.8350  -0.0002   1.0000  -0.0061    0.0041 
 
 
PART NUMBER=552-...-...-...    DATE=14/02/2022     TIME=11:46:01           PAGE#=4
DIM RETTIL_LO= RETTILINEIT DI LINEA 32_LO  SD=0.0057  UNIT=MM
AS   NOMINALE        MIS
M       0.0000     0.0185
DATIPUNTI  N.PUNTO   MIS X      Y        Z      VETT I      J        K    DEVIAZIONE
32_LO         1  -0.0178  11.6255   1.8386  -0.0020  -1.0000   0.0061   -0.0095 MIN
              2  -0.0322  15.9276   1.8386  -0.0020  -1.0000   0.0061    0.0011 
              3  -0.0326  20.2275   1.8386  -0.0020  -1.0000   0.0061   -0.0026 
              4  -0.0454  24.5249   1.8386  -0.0020  -1.0000   0.0061    0.0062 
              5  -0.0454  28.8276   1.8386  -0.0020  -1.0000   0.0061    0.0023 
              6  -0.0486  33.1239   1.8386  -0.0020  -1.0000   0.0061    0.0015 
              7  -0.0600  37.4252   1.8386  -0.0020  -1.0000   0.0061    0.0090 MAX
              8  -0.0606  41.7294   1.8386  -0.0020  -1.0000   0.0061    0.0056 
              9  -0.0551  46.0223   1.8386  -0.0020  -1.0000   0.0061   -0.0038 
             10  -0.0578  50.3262   1.8386  -0.0020  -1.0000   0.0061   -0.0051 
             11  -0.0620  54.6283   1.8386  -0.0020  -1.0000   0.0061   -0.0049 
 
 
DIM 32_LENGHT= DISTANZA 2D DA PIANO 32_LN SU PIANO 32_LS PAR SU   ASSEY,NO RAGGIO  UNIT=MM
AS   NOMINALE        MIS
M      56.2983    56.2386
 
DIM 32_WIDTH= DISTANZA 2D DA LINEA 32_LE SU LINEA 32_LO PAR SU   ASSEX,NO RAGGIO  UNIT=MM
AS   NOMINALE        MIS
M      51.4463    51.4314
 
DIM 32_THICKNESS= DISTANZA 2D DA PIANO GRANITO_32 SU PIANO 32_FS PERPEND SU PIANO 32_FS,NO RAGGIO  UNIT=MM
AS   NOMINALE        MIS
M       3.3641     3.3311
 
DIM 32_LBAR1_UP= DISTANZA 2D DA PUNTO 32_LS_1 SU PUNTO 32_LN_19 PAR SU   ASSEY,NO RAGGIO  UNIT=MM
AS   NOMINALE        MIS
M      56.2983    56.2549
 
DIM 32_LBAR1_DOWN= DISTANZA 2D DA PUNTO 32_LS_2 SU PUNTO 32_LN_20 PAR SU   ASSEY,NO RAGGIO  UNIT=MM
AS   NOMINALE        MIS
M      56.2983    56.2525
 
DIM 32_LBAR2_UP= DISTANZA 2D DA PUNTO 32_LS_3 SU PUNTO 32_LN_17 PAR SU   ASSEY,NO RAGGIO  UNIT=MM
AS   NOMINALE        MIS
M      56.2983    56.2484
 
DIM 32_LBAR2_DOWN= DISTANZA 2D DA PUNTO 32_LS_4 SU PUNTO 32_LN_18 PAR SU   ASSEY,NO RAGGIO  UNIT=MM
AS   NOMINALE        MIS
M      56.2983    56.2496
 
DIM 32_LBAR3_UP= DISTANZA 2D DA PUNTO 32_LS_5 SU PUNTO 32_LN_15 PAR SU   ASSEY,NO RAGGIO  UNIT=MM
AS   NOMINALE        MIS
M      56.2983    56.2313
 
PART NUMBER=552-...-...-...    DATE=14/02/2022     TIME=11:46:01           PAGE#=5
DIM 32_LBAR3_DOWN= DISTANZA 2D DA PUNTO 32_LS_6 SU PUNTO 32_LN_16 PAR SU   ASSEY,NO RAGGIO  UNIT=MM
AS   NOMINALE        MIS
M      56.2983    56.2266
 
DIM 32_LBAR4_UP= DISTANZA 2D DA PUNTO 32_LS_7 SU PUNTO 32_LN_13 PAR SU   ASSEY,NO RAGGIO  UNIT=MM
AS   NOMINALE        MIS
M      56.2983    56.2522
 
DIM 32_LBAR4_DOWN= DISTANZA 2D DA PUNTO 32_LS_8 SU PUNTO 32_LN_14 PAR SU   ASSEY,NO RAGGIO  UNIT=MM
AS   NOMINALE        MIS
M      56.2983    56.2532
 
DIM 32_LBAR5_UP= DISTANZA 2D DA PUNTO 32_LS_9 SU PUNTO 32_LN_11 PAR SU   ASSEY,NO RAGGIO  UNIT=MM
AS   NOMINALE        MIS
M      56.2983    56.2477
 
DIM 32_LBAR5_DOWN= DISTANZA 2D DA PUNTO 32_LS_10 SU PUNTO 32_LN_12 PAR SU   ASSEY,NO RAGGIO  UNIT=MM
AS   NOMINALE        MIS
M      56.2983    56.2450
 
DIM 32_LBAR6_UP= DISTANZA 2D DA PUNTO 32_LS_11 SU PUNTO 32_LN_9 PAR SU   ASSEY,NO RAGGIO  UNIT=MM
AS   NOMINALE        MIS
M      56.2983    56.2371
 
DIM 32_LBAR6_DOWN= DISTANZA 2D DA PUNTO 32_LS_12 SU PUNTO 32_LN_10 PAR SU   ASSEY,NO RAGGIO  UNIT=MM
AS   NOMINALE        MIS
M      56.2983    56.2398
 
DIM 32_LBAR7_UP= DISTANZA 2D DA PUNTO 32_LS_13 SU PUNTO 32_LN_7 PAR SU   ASSEY,NO RAGGIO  UNIT=MM
AS   NOMINALE        MIS
M      56.2983    56.2183
 
DIM 32_LBAR7_DOWN= DISTANZA 2D DA PUNTO 32_LS_14 SU PUNTO 32_LN_8 PAR SU   ASSEY,NO RAGGIO  UNIT=MM
AS   NOMINALE        MIS
M      56.2983    56.2244
 
DIM 32_LBAR8_UP= DISTANZA 2D DA PUNTO 32_LS_15 SU PUNTO 32_LN_5 PAR SU   ASSEY,NO RAGGIO  UNIT=MM
AS   NOMINALE        MIS
M      56.2983    56.2336
 
DIM 32_LBAR8_DOWN= DISTANZA 2D DA PUNTO 32_LS_16 SU PUNTO 32_LN_6 PAR SU   ASSEY,NO RAGGIO  UNIT=MM
AS   NOMINALE        MIS
M      56.2983    56.2287
 
DIM 32_LBAR9_UP= DISTANZA 2D DA PUNTO 32_LS_17 SU PUNTO 32_LN_3 PAR SU   ASSEY,NO RAGGIO  UNIT=MM
AS   NOMINALE        MIS
M      56.2983    56.2507
 
PART NUMBER=552-...-...-...    DATE=14/02/2022     TIME=11:46:02           PAGE#=6
DIM 32_LBAR9_DOWN= DISTANZA 2D DA PUNTO 32_LS_18 SU PUNTO 32_LN_4 PAR SU   ASSEY,NO RAGGIO  UNIT=MM
AS   NOMINALE        MIS
M      56.2983    56.2522
 
DIM 32_LBAR10_UP= DISTANZA 2D DA PUNTO 32_LS_19 SU PUNTO 32_LN_1 PAR SU   ASSEY,NO RAGGIO  UNIT=MM
AS   NOMINALE        MIS
M      56.2983    56.2529
 
DIM 32_LBAR10_DOWN= DISTANZA 2D DA PUNTO 32_LS_20 SU PUNTO 32_LN_2 PAR SU   ASSEY,NO RAGGIO  UNIT=MM
AS   NOMINALE        MIS
M      56.2983    56.2544
 
