DIM PLAN7= PLANARIT DI PIANO 21_LS  SD=0.0144  UNIT=MM
AS   NOMINALE        MIS
M       0.0000     0.0585
DATIPUNTI  N.PUNTO   MIS X      Y        Z      VETT I      J        K    DEVIAZIONE
21_LS         1  11.4148  -0.0126   2.5002  -0.0000  -1.0000   0.0000    0.0059 
              2  11.4119  -0.0127   1.5002  -0.0000  -1.0000   0.0000    0.0054 
              3  14.6115  -0.0253   2.4999  -0.0000  -1.0000   0.0000    0.0185 
              4  14.6122  -0.0273   1.4997  -0.0000  -1.0000   0.0000    0.0199 
              5  17.8120  -0.0005   2.4999  -0.0000  -1.0000   0.0000   -0.0063 
              6  17.8117  -0.0001   1.5002  -0.0000  -1.0000   0.0000   -0.0074 
              7  21.0110  -0.0016   2.5000  -0.0000  -1.0000   0.0000   -0.0054 
              8  21.0119  -0.0028   1.5003  -0.0000  -1.0000   0.0000   -0.0048 
              9  24.2108   0.0133   2.5000  -0.0000  -1.0000   0.0000   -0.0203 
             10  24.2118   0.0130   1.5000  -0.0000  -1.0000   0.0000   -0.0206 MIN
             11  27.4112  -0.0023   2.5001  -0.0000  -1.0000   0.0000   -0.0048 
             12  27.4118  -0.0026   1.4997  -0.0000  -1.0000   0.0000   -0.0051 
             13  30.6106  -0.0107   2.4999  -0.0000  -1.0000   0.0000    0.0036 
             14  30.6119  -0.0098   1.5000  -0.0000  -1.0000   0.0000    0.0021 
             15  33.8113   0.0019   2.5001  -0.0000  -1.0000   0.0000   -0.0091 
             16  33.8121   0.0010   1.5002  -0.0000  -1.0000   0.0000   -0.0088 
             17  37.0117  -0.0066   2.5001  -0.0000  -1.0000   0.0000   -0.0006 
             18  37.0117  -0.0079   1.5005  -0.0000  -1.0000   0.0000    0.0001 
             19  40.2116  -0.0073   2.5000  -0.0000  -1.0000   0.0000   -0.0001 
             20  40.2123  -0.0067   1.5005  -0.0000  -1.0000   0.0000   -0.0012 
             21  43.4108  -0.0453   2.5000  -0.0000  -1.0000   0.0000    0.0379 MAX
             22  43.4121  -0.0450   1.4998  -0.0000  -1.0000   0.0000    0.0370 
             23  46.6118   0.0039   2.5000  -0.0000  -1.0000   0.0000   -0.0114 
             24  46.6117   0.0023   1.5000  -0.0000  -1.0000   0.0000   -0.0104 
             25  49.8110   0.0003   2.5001  -0.0000  -1.0000   0.0000   -0.0078 
             26  49.8119  -0.0017   1.4999  -0.0000  -1.0000   0.0000   -0.0064 
 
 
DIM PLAN8= PLANARIT DI PIANO 21_LN  SD=0.0086  UNIT=MM
AS   NOMINALE        MIS
M       0.0000     0.0373
DATIPUNTI  N.PUNTO   MIS X      Y        Z      VETT I      J        K    DEVIAZIONE
21_LN         1  40.1931  56.2816   2.5001   0.0000   1.0000  -0.0000   -0.0033 
              2  40.1940  56.2798   1.5000   0.0000   1.0000  -0.0000   -0.0039 
              3  36.9940  56.2761   2.5000   0.0000   1.0000  -0.0000   -0.0079 
              4  36.9945  56.2764   1.5001   0.0000   1.0000  -0.0000   -0.0064 
              5  33.7941  56.2881   2.5000   0.0000   1.0000  -0.0000    0.0049 
              6  33.7944  56.2880   1.5000   0.0000   1.0000  -0.0000    0.0061 
              7  30.5943  56.2765   2.5000   0.0000   1.0000  -0.0000   -0.0057 
              8  30.5945  56.2762   1.5000   0.0000   1.0000  -0.0000   -0.0048 
              9  27.3942  56.2850   2.5001   0.0000   1.0000  -0.0000    0.0036 
             10  27.3943  56.2833   1.5002   0.0000   1.0000  -0.0000    0.0031 
             11  24.1938  56.2988   2.5000   0.0000   1.0000  -0.0000    0.0183 
             12  24.1947  56.2981   1.5001   0.0000   1.0000  -0.0000    0.0188 MAX
             13  20.9945  56.2841   2.5000   0.0000   1.0000  -0.0000    0.0045 
             14  20.9944  56.2842   1.5005   0.0000   1.0000  -0.0000    0.0058 
             15  17.7941  56.2824   2.5000   0.0000   1.0000  -0.0000    0.0037 
             16  17.7948  56.2804   1.4995   0.0000   1.0000  -0.0000    0.0029 
             17  14.5944  56.2594   2.5000   0.0000   1.0000  -0.0000   -0.0184 MIN
             18  14.5949  56.2582   1.5001   0.0000   1.0000  -0.0000   -0.0184 
             19  11.3954  56.2725   2.5001   0.0000   1.0000  -0.0000   -0.0044 
             20  11.3945  56.2703   1.5004   0.0000   1.0000  -0.0000   -0.0054 
             21   8.1945  56.2775   2.4999   0.0000   1.0000  -0.0000    0.0014 
             22   8.1945  56.2739   1.5005   0.0000   1.0000  -0.0000   -0.0010 
             23   4.9945  56.2722   2.4999   0.0000   1.0000  -0.0000   -0.0030 
             24   4.9947  56.2712   1.5000   0.0000   1.0000  -0.0000   -0.0028 
             25   1.7944  56.2807   2.5000   0.0000   1.0000  -0.0000    0.0064 
             26   1.7944  56.2787   1.5004   0.0000   1.0000  -0.0000    0.0056 
 
 
PART NUMBER=552-...-...-...    DATE=14/02/2022     TIME=12:14:30           PAGE#=2
DIM PLAN9= PLANARIT DI PIANO 21_FS  SD=0.0139  UNIT=MM
AS   NOMINALE        MIS
M       0.0000     0.0653
DATIPUNTI  N.PUNTO   MIS X      Y        Z      VETT I      J        K    DEVIAZIONE
21_FS         1   2.9999   7.5514   3.3902   0.0000   0.0000   1.0000    0.0185 
              2   7.4497   7.5489   3.3901   0.0000   0.0000   1.0000    0.0196 
              3  11.8991   7.5510   3.3660   0.0000   0.0000   1.0000   -0.0032 
              4  16.3500   7.5492   3.3595   0.0000   0.0000   1.0000   -0.0084 
              5  20.7999   7.5510   3.3555   0.0000   0.0000   1.0000   -0.0112 
              6  25.2492   7.5494   3.3442   0.0000   0.0000   1.0000   -0.0212 
              7   3.0003  12.1009   3.3820   0.0000   0.0000   1.0000    0.0119 
              8   7.4490  12.0994   3.3843   0.0000   0.0000   1.0000    0.0155 
              9  11.8999  12.1005   3.3647   0.0000   0.0000   1.0000   -0.0028 
             10  16.3499  12.0994   3.3643   0.0000   0.0000   1.0000   -0.0020 
             11  20.7998  12.1005   3.3514   0.0000   0.0000   1.0000   -0.0137 
             12  25.2497  12.0996   3.3519   0.0000   0.0000   1.0000   -0.0120 
             13   3.0000  16.6496   3.3766   0.0000   0.0000   1.0000    0.0081 
             14   7.4498  16.6501   3.3801   0.0000   0.0000   1.0000    0.0129 
             15  11.8999  16.6497   3.3654   0.0000   0.0000   1.0000   -0.0006 
             16  16.3501  16.6503   3.3576   0.0000   0.0000   1.0000   -0.0071 
             17  20.7997  16.6496   3.3595   0.0000   0.0000   1.0000   -0.0040 
             18  25.2499  16.6507   3.3515   0.0000   0.0000   1.0000   -0.0107 
             19   2.9999  21.1998   3.3758   0.0000   0.0000   1.0000    0.0090 
             20   7.4494  21.1995   3.3796   0.0000   0.0000   1.0000    0.0140 
             21  11.8998  21.1996   3.3590   0.0000   0.0000   1.0000   -0.0053 
             22  16.3498  21.1999   3.3552   0.0000   0.0000   1.0000   -0.0079 
             23  20.7998  21.2002   3.3623   0.0000   0.0000   1.0000    0.0004 
             24  25.2495  21.1996   3.3576   0.0000   0.0000   1.0000   -0.0031 
             25  29.7005  21.1994   3.3574   0.0000   0.0000   1.0000   -0.0020 
             26  34.1488  21.1998   3.3654   0.0000   0.0000   1.0000    0.0072 
             27  38.6000  21.1994   3.3667   0.0000   0.0000   1.0000    0.0098 
             28  43.0496  21.2002   3.3585   0.0000   0.0000   1.0000    0.0029 
             29  47.4997  21.1994   3.3188   0.0000   0.0000   1.0000   -0.0356 MIN
             30   3.0001  25.7505   3.3725   0.0000   0.0000   1.0000    0.0072 
             31   7.4497  25.7499   3.3781   0.0000   0.0000   1.0000    0.0141 
             32  11.8992  25.7495   3.3558   0.0000   0.0000   1.0000   -0.0070 
             33  16.3490  25.7499   3.3532   0.0000   0.0000   1.0000   -0.0083 
             34  20.7992  25.7498   3.3571   0.0000   0.0000   1.0000   -0.0032 
             35  25.2497  25.7503   3.3518   0.0000   0.0000   1.0000   -0.0072 
             36  29.6998  25.7493   3.3593   0.0000   0.0000   1.0000    0.0015 
             37  34.1500  25.7506   3.3667   0.0000   0.0000   1.0000    0.0102 
             38  38.5999  25.7491   3.3669   0.0000   0.0000   1.0000    0.0117 
             39  43.0497  25.7509   3.3663   0.0000   0.0000   1.0000    0.0123 
             40  47.4998  25.7491   3.3244   0.0000   0.0000   1.0000   -0.0283 
             41   3.0003  30.2994   3.3681   0.0000   0.0000   1.0000    0.0045 
             42   7.4497  30.3008   3.3733   0.0000   0.0000   1.0000    0.0109 
             43  11.8997  30.2993   3.3555   0.0000   0.0000   1.0000   -0.0056 
             44  16.3501  30.3000   3.3558   0.0000   0.0000   1.0000   -0.0041 
             45  20.7997  30.2994   3.3536   0.0000   0.0000   1.0000   -0.0050 
             46  25.2495  30.3000   3.3514   0.0000   0.0000   1.0000   -0.0060 
             47  29.6999  30.2992   3.3602   0.0000   0.0000   1.0000    0.0041 
             48  34.1494  30.3003   3.3707   0.0000   0.0000   1.0000    0.0158 
             49  38.5998  30.2994   3.3674   0.0000   0.0000   1.0000    0.0137 
             50  43.0495  30.3003   3.3692   0.0000   0.0000   1.0000    0.0168 
             51  47.4999  30.2987   3.3335   0.0000   0.0000   1.0000   -0.0177 
             52   2.9998  34.8504   3.3682   0.0000   0.0000   1.0000    0.0061 
             53   7.4498  34.8495   3.3681   0.0000   0.0000   1.0000    0.0073 
             54  11.8997  34.8497   3.3481   0.0000   0.0000   1.0000   -0.0115 
             55  16.3497  34.8500   3.3491   0.0000   0.0000   1.0000   -0.0092 
             56  20.7993  34.8495   3.3534   0.0000   0.0000   1.0000   -0.0036 
             57  25.2499  34.8500   3.3488   0.0000   0.0000   1.0000   -0.0070 
             58  29.6999  34.8490   3.3586   0.0000   0.0000   1.0000    0.0041 
             59  34.1499  34.8502   3.3673   0.0000   0.0000   1.0000    0.0140 
             60  38.5999  34.8497   3.3711   0.0000   0.0000   1.0000    0.0191 
             61  43.0497  34.8497   3.3716   0.0000   0.0000   1.0000    0.0208 
             62  47.4999  34.8493   3.3221   0.0000   0.0000   1.0000   -0.0274 
             63   3.0005  39.3996   3.3684   0.0000   0.0000   1.0000    0.0079 
             64   7.4501  39.3999   3.3681   0.0000   0.0000   1.0000    0.0089 
             65  11.8999  39.3994   3.3471   0.0000   0.0000   1.0000   -0.0109 
             66  16.3503  39.4012   3.3477   0.0000   0.0000   1.0000   -0.0090 
             67  20.7999  39.3988   3.3505   0.0000   0.0000   1.0000   -0.0050 
             68  25.2502  39.4002   3.3509   0.0000   0.0000   1.0000   -0.0033 
             69  29.7000  39.4000   3.3566   0.0000   0.0000   1.0000    0.0037 
             70  34.1497  39.4002   3.3687   0.0000   0.0000   1.0000    0.0170 
             71  38.5991  39.3993   3.3716   0.0000   0.0000   1.0000    0.0212 
             72  43.0495  39.4004   3.3759   0.0000   0.0000   1.0000    0.0267 
             73  47.4995  39.3995   3.3279   0.0000   0.0000   1.0000   -0.0200 
             74   3.0001  43.9506   3.3562   0.0000   0.0000   1.0000   -0.0026 
             75   7.4500  43.9500   3.3576   0.0000   0.0000   1.0000    0.0001 
             76  11.8997  43.9502   3.3432   0.0000   0.0000   1.0000   -0.0131 
             77  16.3500  43.9497   3.3431   0.0000   0.0000   1.0000   -0.0119 
             78  20.7996  43.9496   3.3478   0.0000   0.0000   1.0000   -0.0060 
             79  25.2498  43.9498   3.3456   0.0000   0.0000   1.0000   -0.0070 
             80  29.6998  43.9495   3.3530   0.0000   0.0000   1.0000    0.0016 
             81  34.1495  43.9507   3.3662   0.0000   0.0000   1.0000    0.0161 
             82  38.6000  43.9491   3.3687   0.0000   0.0000   1.0000    0.0199 
             83  43.0507  43.9506   3.3728   0.0000   0.0000   1.0000    0.0252 
             84  47.5000  43.9495   3.3160   0.0000   0.0000   1.0000   -0.0303 
             85   2.9998  48.4998   3.3542   0.0000   0.0000   1.0000   -0.0030 
             86   7.4499  48.5002   3.3573   0.0000   0.0000   1.0000    0.0014 
             87  11.8997  48.4987   3.3346   0.0000   0.0000   1.0000   -0.0201 
             88  16.3497  48.5004   3.3350   0.0000   0.0000   1.0000   -0.0184 
             89  20.7999  48.5004   3.3431   0.0000   0.0000   1.0000   -0.0091 
             90  25.2497  48.4999   3.3439   0.0000   0.0000   1.0000   -0.0070 
             91  29.6998  48.4999   3.3543   0.0000   0.0000   1.0000    0.0046 
             92  34.1511  48.5003   3.3653   0.0000   0.0000   1.0000    0.0168 
             93  38.5996  48.4999   3.3633   0.0000   0.0000   1.0000    0.0161 
             94  43.0499  48.4996   3.3702   0.0000   0.0000   1.0000    0.0242 
             95  47.4999  48.5000   3.3142   0.0000   0.0000   1.0000   -0.0305 
             96   3.0000  53.0502   3.3483   0.0000   0.0000   1.0000   -0.0073 
             97   7.4501  53.0500   3.3569   0.0000   0.0000   1.0000    0.0026 
             98  11.8998  53.0491   3.3319   0.0000   0.0000   1.0000   -0.0212 
             99  16.3498  53.0505   3.3322   0.0000   0.0000   1.0000   -0.0196 
            100  20.7999  53.0491   3.3408   0.0000   0.0000   1.0000   -0.0098 
            101  25.2498  53.0506   3.3383   0.0000   0.0000   1.0000   -0.0110 
            102  29.6997  53.0492   3.3427   0.0000   0.0000   1.0000   -0.0054 
            103  34.1497  53.0506   3.3586   0.0000   0.0000   1.0000    0.0118 
            104  38.5999  53.0500   3.3645   0.0000   0.0000   1.0000    0.0189 
            105  43.0496  53.0505   3.3741   0.0000   0.0000   1.0000    0.0298 MAX
            106  47.4997  53.0497   3.3375   0.0000   0.0000   1.0000   -0.0056 
            107   2.9988   2.9983   3.3939   0.0000   0.0000   1.0000    0.0206 
            108   7.4499   2.9988   3.3927   0.0000   0.0000   1.0000    0.0206 
            109  11.8999   3.0007   3.3653   0.0000   0.0000   1.0000   -0.0055 
            110  16.3496   2.9999   3.3581   0.0000   0.0000   1.0000   -0.0115 
            111  20.7997   3.0001   3.3587   0.0000   0.0000   1.0000   -0.0096 
            112  25.2500   2.9999   3.3429   0.0000   0.0000   1.0000   -0.0242 
 
 
PART NUMBER=552-...-...-...    DATE=14/02/2022     TIME=12:14:30           PAGE#=3
DIM RETTIL5= RETTILINEIT DI LINEA 21_LE  SD=0.0115  UNIT=MM
AS   NOMINALE        MIS
M       0.0000     0.0388
DATIPUNTI  N.PUNTO   MIS X      Y        Z      VETT I      J        K    DEVIAZIONE
21_LE         1  51.4948   2.8096   1.8350   0.0034   1.0000  -0.0061    0.0224 MAX
              2  51.4756   7.1131   1.8350   0.0034   1.0000  -0.0061    0.0014 
              3  51.4705  11.4100   1.8350   0.0034   1.0000  -0.0061   -0.0054 
              4  51.4626  15.7140   1.8350   0.0034   1.0000  -0.0061   -0.0150 
              5  51.4630  20.0110   1.8350   0.0034   1.0000  -0.0061   -0.0164 MIN
              6  51.4711  24.3102   1.8350   0.0034   1.0000  -0.0061   -0.0100 
              7  51.4944  28.6124   1.8350   0.0034   1.0000  -0.0061    0.0116 
              8  51.4882  32.9135   1.8350   0.0034   1.0000  -0.0061    0.0036 
              9  51.4851  37.2112   1.8350   0.0034   1.0000  -0.0061   -0.0013 
             10  51.4930  41.5100   1.8350   0.0034   1.0000  -0.0061    0.0049 
             11  51.4940  45.8133   1.8350   0.0034   1.0000  -0.0061    0.0041 
 
 
PART NUMBER=552-...-...-...    DATE=14/02/2022     TIME=12:14:30           PAGE#=4
DIM RETTIL6= RETTILINEIT DI LINEA 21_LO  SD=0.0121  UNIT=MM
AS   NOMINALE        MIS
M       0.0000     0.0341
DATIPUNTI  N.PUNTO   MIS X      Y        Z      VETT I      J        K    DEVIAZIONE
21_LO         1   0.0210  11.6226   1.8384  -0.0035  -1.0000   0.0061    0.0052 
              2   0.0168  15.9270   1.8384  -0.0035  -1.0000   0.0061    0.0120 
              3   0.0349  20.2231   1.8384  -0.0035  -1.0000   0.0061   -0.0035 
              4   0.0365  24.5243   1.8384  -0.0035  -1.0000   0.0061   -0.0024 
              5   0.0552  28.8236   1.8384  -0.0035  -1.0000   0.0061   -0.0186 
              6   0.0480  33.1271   1.8384  -0.0035  -1.0000   0.0061   -0.0088 
              7   0.0300  37.4234   1.8384  -0.0035  -1.0000   0.0061    0.0117 
              8   0.0366  41.7202   1.8384  -0.0035  -1.0000   0.0061    0.0078 
              9   0.0683  46.0270   1.8384  -0.0035  -1.0000   0.0061   -0.0214 MIN
             10   0.0367  50.3263   1.8384  -0.0035  -1.0000   0.0061    0.0128 MAX
             11   0.0469  54.6209   1.8384  -0.0035  -1.0000   0.0061    0.0052 
 
 
DIM 21_LENGHT= DISTANZA 2D DA PIANO 21_LN SU PIANO 21_LS PAR SU   ASSEY,NO RAGGIO  UNIT=MM
AS   NOMINALE        MIS
M      56.2983    56.2864
 
DIM 21_WIDTH= DISTANZA 2D DA LINEA 21_LE SU LINEA 21_LO PAR SU   ASSEX,NO RAGGIO  UNIT=MM
AS   NOMINALE        MIS
M      51.4462    51.4420
 
DIM 21_THICKNESS= DISTANZA 2D DA PIANO GRANITO_38 SU PIANO 21_FS PERPEND SU PIANO 21_FS,NO RAGGIO  UNIT=MM
AS   NOMINALE        MIS
M       3.3641     3.3579
 
DIM 21_LBAR1_UP= DISTANZA 2D DA PUNTO P553 SU PUNTO P597 PAR SU   ASSEY,NO RAGGIO  UNIT=MM
AS   NOMINALE        MIS
M      56.2983    56.2852
 
DIM 21_LBAR1_DOWN= DISTANZA 2D DA PUNTO P554 SU PUNTO P598 PAR SU   ASSEY,NO RAGGIO  UNIT=MM
AS   NOMINALE        MIS
M      56.2983    56.2831
 
DIM 21_LBAR2_UP= DISTANZA 2D DA PUNTO P555 SU PUNTO P595 PAR SU   ASSEY,NO RAGGIO  UNIT=MM
AS   NOMINALE        MIS
M      56.2983    56.2848
 
DIM 21_LBAR2_DOWN= DISTANZA 2D DA PUNTO P556 SU PUNTO P596 PAR SU   ASSEY,NO RAGGIO  UNIT=MM
AS   NOMINALE        MIS
M      56.2983    56.2856
 
DIM 21_LBAR3_UP= DISTANZA 2D DA PUNTO P557 SU PUNTO P593 PAR SU   ASSEY,NO RAGGIO  UNIT=MM
AS   NOMINALE        MIS
M      56.2983    56.2830
 
DIM 21_LBAR3_DOWN= DISTANZA 2D DA PUNTO P558 SU PUNTO P594 PAR SU   ASSEY,NO RAGGIO  UNIT=MM
AS   NOMINALE        MIS
M      56.2983    56.2805
 
PART NUMBER=552-...-...-...    DATE=14/02/2022     TIME=12:14:30           PAGE#=5
DIM 21_LBAR4_UP= DISTANZA 2D DA PUNTO P559 SU PUNTO P591 PAR SU   ASSEY,NO RAGGIO  UNIT=MM
AS   NOMINALE        MIS
M      56.2983    56.2857
 
DIM 21_LBAR4_DOWN= DISTANZA 2D DA PUNTO P560 SU PUNTO P592 PAR SU   ASSEY,NO RAGGIO  UNIT=MM
AS   NOMINALE        MIS
M      56.2983    56.2870
 
DIM 21_LBAR5_UP= DISTANZA 2D DA PUNTO P561 SU PUNTO P589 PAR SU   ASSEY,NO RAGGIO  UNIT=MM
AS   NOMINALE        MIS
M      56.2983    56.2855
 
DIM 21_LBAR5_DOWN= DISTANZA 2D DA PUNTO P562 SU PUNTO P590 PAR SU   ASSEY,NO RAGGIO  UNIT=MM
AS   NOMINALE        MIS
M      56.2983    56.2851
 
DIM 21_LBAR6_UP= DISTANZA 2D DA PUNTO P563 SU PUNTO P587 PAR SU   ASSEY,NO RAGGIO  UNIT=MM
AS   NOMINALE        MIS
M      56.2983    56.2873
 
DIM 21_LBAR6_DOWN= DISTANZA 2D DA PUNTO P564 SU PUNTO P588 PAR SU   ASSEY,NO RAGGIO  UNIT=MM
AS   NOMINALE        MIS
M      56.2983    56.2859
 
DIM 21_LBAR7_UP= DISTANZA 2D DA PUNTO P565 SU PUNTO P585 PAR SU   ASSEY,NO RAGGIO  UNIT=MM
AS   NOMINALE        MIS
M      56.2983    56.2873
 
DIM 21_LBAR7_DOWN= DISTANZA 2D DA PUNTO P566 SU PUNTO P586 PAR SU   ASSEY,NO RAGGIO  UNIT=MM
AS   NOMINALE        MIS
M      56.2983    56.2861
 
DIM 21_LBAR8_UP= DISTANZA 2D DA PUNTO P567 SU PUNTO P583 PAR SU   ASSEY,NO RAGGIO  UNIT=MM
AS   NOMINALE        MIS
M      56.2983    56.2862
 
DIM 21_LBAR8_DOWN= DISTANZA 2D DA PUNTO P568 SU PUNTO P584 PAR SU   ASSEY,NO RAGGIO  UNIT=MM
AS   NOMINALE        MIS
M      56.2983    56.2870
 
DIM 21_LBAR9_UP= DISTANZA 2D DA PUNTO P569 SU PUNTO P581 PAR SU   ASSEY,NO RAGGIO  UNIT=MM
AS   NOMINALE        MIS
M      56.2983    56.2828
 
DIM 21_LBAR9_DOWN= DISTANZA 2D DA PUNTO P570 SU PUNTO P582 PAR SU   ASSEY,NO RAGGIO  UNIT=MM
AS   NOMINALE        MIS
M      56.2983    56.2844
 
DIM 21_LBAR10_UP= DISTANZA 2D DA PUNTO P571 SU PUNTO P579 PAR SU   ASSEY,NO RAGGIO  UNIT=MM
AS   NOMINALE        MIS
M      56.2983    56.2889
 
DIM 21_LBAR10_DOWN= DISTANZA 2D DA PUNTO P572 SU PUNTO P580 PAR SU   ASSEY,NO RAGGIO  UNIT=MM
AS   NOMINALE        MIS
M      56.2983    56.2865
 
