DIM PLAN4= PLANARIT DI PIANO 22_LS  SD=0.0202  UNIT=MM
AS   NOMINALE        MIS
M       0.0000     0.0640
DATIPUNTI  N.PUNTO   MIS X      Y        Z      VETT I      J        K    DEVIAZIONE
22_LS         1  11.4108  -0.0557   2.5022  -0.0000  -1.0000   0.0000    0.0226 
              2  11.4134  -0.0514   1.5001  -0.0000  -1.0000   0.0000    0.0181 
              3  14.6120  -0.0431   2.5001  -0.0000  -1.0000   0.0000    0.0174 
              4  14.6141  -0.0396   1.5000  -0.0000  -1.0000   0.0000    0.0138 
              5  17.8119   0.0136   2.4999  -0.0000  -1.0000   0.0000   -0.0319 
              6  17.8143   0.0178   1.5000  -0.0000  -1.0000   0.0000   -0.0362 MIN
              7  21.0117  -0.0207   2.5000  -0.0000  -1.0000   0.0000    0.0097 
              8  21.0137  -0.0262   1.5002  -0.0000  -1.0000   0.0000    0.0151 
              9  24.2118   0.0157   2.5000  -0.0000  -1.0000   0.0000   -0.0193 
             10  24.2132   0.0139   1.5001  -0.0000  -1.0000   0.0000   -0.0176 
             11  27.4118  -0.0099   2.5000  -0.0000  -1.0000   0.0000    0.0137 
             12  27.4141  -0.0116   1.5001  -0.0000  -1.0000   0.0000    0.0153 
             13  30.6116   0.0426   2.5001  -0.0000  -1.0000   0.0000   -0.0313 
             14  30.6131   0.0391   1.5001  -0.0000  -1.0000   0.0000   -0.0280 
             15  33.8120   0.0041   2.5000  -0.0000  -1.0000   0.0000    0.0146 
             16  33.8145   0.0032   1.5001  -0.0000  -1.0000   0.0000    0.0154 
             17  37.0117   0.0253   2.5000  -0.0000  -1.0000   0.0000    0.0008 
             18  37.0136   0.0209   1.4999  -0.0000  -1.0000   0.0000    0.0051 
             19  40.2120   0.0483   2.5000  -0.0000  -1.0000   0.0000   -0.0148 
             20  40.2141   0.0503   1.5000  -0.0000  -1.0000   0.0000   -0.0169 
             21  43.4117   0.0335   2.4999  -0.0000  -1.0000   0.0000    0.0074 
             22  43.4133   0.0314   1.4999  -0.0000  -1.0000   0.0000    0.0093 
             23  46.6121   0.0647   2.4999  -0.0000  -1.0000   0.0000   -0.0165 
             24  46.6134   0.0692   1.5000  -0.0000  -1.0000   0.0000   -0.0211 
             25  49.8113   0.0282   2.5000  -0.0000  -1.0000   0.0000    0.0275 
             26  49.8129   0.0278   1.5001  -0.0000  -1.0000   0.0000    0.0277 MAX
 
 
DIM PLAN5= PLANARIT DI PIANO 22_LN  SD=0.0083  UNIT=MM
AS   NOMINALE        MIS
M       0.0000     0.0304
DATIPUNTI  N.PUNTO   MIS X      Y        Z      VETT I      J        K    DEVIAZIONE
22_LN         1  40.1922  56.2964   2.5000   0.0000   1.0000  -0.0000    0.0073 
              2  40.1924  56.2955   1.5003   0.0000   1.0000  -0.0000    0.0063 
              3  36.9943  56.2754   2.5001   0.0000   1.0000  -0.0000   -0.0060 
              4  36.9921  56.2759   1.5001   0.0000   1.0000  -0.0000   -0.0056 
              5  33.7942  56.2614   2.5000   0.0000   1.0000  -0.0000   -0.0123 
              6  33.7920  56.2637   1.5001   0.0000   1.0000  -0.0000   -0.0101 
              7  30.5945  56.2635   2.4999   0.0000   1.0000  -0.0000   -0.0025 
              8  30.5923  56.2685   1.5000   0.0000   1.0000  -0.0000    0.0025 
              9  27.3942  56.2705   2.5000   0.0000   1.0000  -0.0000    0.0122 
             10  27.3921  56.2717   1.5000   0.0000   1.0000  -0.0000    0.0135 MAX
             11  24.1941  56.2545   2.5000   0.0000   1.0000  -0.0000    0.0039 
             12  24.1925  56.2552   1.5000   0.0000   1.0000  -0.0000    0.0047 
             13  20.9941  56.2359   2.5001   0.0000   1.0000  -0.0000   -0.0070 
             14  20.9922  56.2357   1.5001   0.0000   1.0000  -0.0000   -0.0071 
             15  17.7945  56.2465   2.5000   0.0000   1.0000  -0.0000    0.0114 
             16  17.7925  56.2448   1.5000   0.0000   1.0000  -0.0000    0.0097 
             17  14.5943  56.2112   2.5000   0.0000   1.0000  -0.0000   -0.0162 
             18  14.5932  56.2105   1.5001   0.0000   1.0000  -0.0000   -0.0169 MIN
             19  11.3948  56.2235   2.5000   0.0000   1.0000  -0.0000    0.0038 
             20  11.3924  56.2225   1.5000   0.0000   1.0000  -0.0000    0.0028 
             21   8.1944  56.2162   2.5001   0.0000   1.0000  -0.0000    0.0042 
             22   8.1922  56.2129   1.5002   0.0000   1.0000  -0.0000    0.0010 
             23   4.9945  56.2062   2.5000   0.0000   1.0000  -0.0000    0.0020 
             24   4.9926  56.2061   1.5001   0.0000   1.0000  -0.0000    0.0019 
             25   1.7943  56.1957   2.5000   0.0000   1.0000  -0.0000   -0.0008 
             26   1.7934  56.1938   1.5000   0.0000   1.0000  -0.0000   -0.0027 
 
 
PART NUMBER=552-...-...-...    DATE=14/02/2022     TIME=12:04:56           PAGE#=2
DIM PLAN6= PLANARIT DI PIANO 22_FS  SD=0.0234  UNIT=MM
AS   NOMINALE        MIS
M       0.0000     0.1119
DATIPUNTI  N.PUNTO   MIS X      Y        Z      VETT I      J        K    DEVIAZIONE
22_FS         1   3.0000   7.5508   3.3361   0.0000  -0.0000   1.0000    0.0343 
              2   7.4498   7.5469   3.3208   0.0000  -0.0000   1.0000    0.0212 
              3  11.8999   7.5466   3.3257   0.0000  -0.0000   1.0000    0.0282 
              4  16.3498   7.5465   3.3026   0.0000  -0.0000   1.0000    0.0073 
              5  20.7998   7.5463   3.2709   0.0000  -0.0000   1.0000   -0.0222 
              6  25.2501   7.5463   3.2875   0.0000  -0.0000   1.0000   -0.0035 
              7   3.0000  12.1002   3.3271   0.0000  -0.0000   1.0000    0.0253 
              8   7.4496  12.0956   3.3173   0.0000  -0.0000   1.0000    0.0176 
              9  11.9000  12.0957   3.3240   0.0000  -0.0000   1.0000    0.0265 
             10  16.3498  12.0957   3.3043   0.0000  -0.0000   1.0000    0.0089 
             11  20.8000  12.0962   3.2701   0.0000  -0.0000   1.0000   -0.0230 
             12  25.2501  12.0960   3.2884   0.0000  -0.0000   1.0000   -0.0026 
             13   3.0002  16.6507   3.3226   0.0000  -0.0000   1.0000    0.0208 
             14   7.4497  16.6466   3.3167   0.0000  -0.0000   1.0000    0.0170 
             15  11.8993  16.6462   3.3254   0.0000  -0.0000   1.0000    0.0279 
             16  16.3500  16.6465   3.3018   0.0000  -0.0000   1.0000    0.0064 
             17  20.7998  16.6463   3.2700   0.0000  -0.0000   1.0000   -0.0233 
             18  25.2499  16.6462   3.2898   0.0000  -0.0000   1.0000   -0.0012 
             19   3.0000  21.1999   3.2827   0.0000  -0.0000   1.0000   -0.0192 
             20   7.4496  21.1970   3.2820   0.0000  -0.0000   1.0000   -0.0177 
             21  11.8998  21.1968   3.3039   0.0000  -0.0000   1.0000    0.0064 
             22  16.3494  21.1965   3.2672   0.0000  -0.0000   1.0000   -0.0282 
             23  20.7998  21.1966   3.2317   0.0000  -0.0000   1.0000   -0.0616 MIN
             24  25.2499  21.1962   3.2528   0.0000  -0.0000   1.0000   -0.0383 
             25  29.7001  21.1965   3.2376   0.0000  -0.0000   1.0000   -0.0513 
             26  34.1498  21.1966   3.2436   0.0000  -0.0000   1.0000   -0.0432 
             27  38.6004  21.1966   3.2617   0.0000  -0.0000   1.0000   -0.0229 
             28  43.0500  21.1967   3.2704   0.0000  -0.0000   1.0000   -0.0121 
             29  47.4992  21.1963   3.2916   0.0000  -0.0000   1.0000    0.0113 
             30   3.0001  25.7502   3.3029   0.0000  -0.0000   1.0000    0.0010 
             31   7.4496  25.7468   3.3089   0.0000  -0.0000   1.0000    0.0091 
             32  11.9000  25.7466   3.3153   0.0000  -0.0000   1.0000    0.0178 
             33  16.3494  25.7468   3.2922   0.0000  -0.0000   1.0000   -0.0032 
             34  20.8001  25.7464   3.2546   0.0000  -0.0000   1.0000   -0.0387 
             35  25.2499  25.7462   3.2789   0.0000  -0.0000   1.0000   -0.0122 
             36  29.7005  25.7464   3.2663   0.0000  -0.0000   1.0000   -0.0227 
             37  34.1502  25.7463   3.2658   0.0000  -0.0000   1.0000   -0.0210 
             38  38.6000  25.7468   3.2813   0.0000  -0.0000   1.0000   -0.0033 
             39  43.0497  25.7466   3.2906   0.0000  -0.0000   1.0000    0.0081 
             40  47.4997  25.7467   3.3131   0.0000  -0.0000   1.0000    0.0328 
             41   3.0001  30.2992   3.2737   0.0000  -0.0000   1.0000   -0.0282 
             42   7.4499  30.2958   3.2841   0.0000  -0.0000   1.0000   -0.0157 
             43  11.9001  30.2963   3.2873   0.0000  -0.0000   1.0000   -0.0104 
             44  16.3500  30.2968   3.2668   0.0000  -0.0000   1.0000   -0.0286 
             45  20.7994  30.2967   3.2335   0.0000  -0.0000   1.0000   -0.0598 
             46  25.2498  30.2961   3.2518   0.0000  -0.0000   1.0000   -0.0394 
             47  29.7000  30.2965   3.2426   0.0000  -0.0000   1.0000   -0.0464 
             48  34.1498  30.2966   3.2461   0.0000  -0.0000   1.0000   -0.0408 
             49  38.5997  30.2964   3.2669   0.0000  -0.0000   1.0000   -0.0177 
             50  43.0498  30.2961   3.2876   0.0000  -0.0000   1.0000    0.0051 
             51  47.4997  30.2964   3.3121   0.0000  -0.0000   1.0000    0.0317 
             52   2.9999  34.8514   3.3054   0.0000  -0.0000   1.0000    0.0035 
             53   7.4501  34.8470   3.3212   0.0000  -0.0000   1.0000    0.0214 
             54  11.8996  34.8464   3.3222   0.0000  -0.0000   1.0000    0.0245 
             55  16.3497  34.8466   3.3050   0.0000  -0.0000   1.0000    0.0095 
             56  20.7999  34.8466   3.2704   0.0000  -0.0000   1.0000   -0.0230 
             57  25.2496  34.8465   3.2899   0.0000  -0.0000   1.0000   -0.0013 
             58  29.6996  34.8468   3.2787   0.0000  -0.0000   1.0000   -0.0103 
             59  34.1498  34.8468   3.2756   0.0000  -0.0000   1.0000   -0.0113 
             60  38.6000  34.8464   3.2880   0.0000  -0.0000   1.0000    0.0032 
             61  43.0501  34.8462   3.3039   0.0000  -0.0000   1.0000    0.0213 
             62  47.4997  34.8460   3.3257   0.0000  -0.0000   1.0000    0.0453 
             63   3.0003  39.3993   3.3030   0.0000  -0.0000   1.0000    0.0010 
             64   7.4500  39.3956   3.3234   0.0000  -0.0000   1.0000    0.0235 
             65  11.8996  39.3960   3.3254   0.0000  -0.0000   1.0000    0.0277 
             66  16.3499  39.3961   3.3039   0.0000  -0.0000   1.0000    0.0084 
             67  20.7999  39.3962   3.2688   0.0000  -0.0000   1.0000   -0.0246 
             68  25.2498  39.3962   3.2905   0.0000  -0.0000   1.0000   -0.0007 
             69  29.7000  39.3962   3.2789   0.0000  -0.0000   1.0000   -0.0102 
             70  34.1499  39.3971   3.2746   0.0000  -0.0000   1.0000   -0.0123 
             71  38.5998  39.3970   3.2877   0.0000  -0.0000   1.0000    0.0030 
             72  43.0497  39.3968   3.3021   0.0000  -0.0000   1.0000    0.0195 
             73  47.4998  39.3962   3.3270   0.0000  -0.0000   1.0000    0.0466 
             74   3.0000  43.9502   3.2955   0.0000  -0.0000   1.0000   -0.0066 
             75   7.4499  43.9467   3.3204   0.0000  -0.0000   1.0000    0.0205 
             76  11.8996  43.9464   3.3143   0.0000  -0.0000   1.0000    0.0166 
             77  16.3500  43.9465   3.3015   0.0000  -0.0000   1.0000    0.0060 
             78  20.7999  43.9465   3.2707   0.0000  -0.0000   1.0000   -0.0227 
             79  25.2500  43.9468   3.2841   0.0000  -0.0000   1.0000   -0.0072 
             80  29.6997  43.9467   3.2770   0.0000  -0.0000   1.0000   -0.0121 
             81  34.1498  43.9468   3.2750   0.0000  -0.0000   1.0000   -0.0119 
             82  38.5999  43.9466   3.2855   0.0000  -0.0000   1.0000    0.0007 
             83  43.0501  43.9471   3.3015   0.0000  -0.0000   1.0000    0.0189 
             84  47.4998  43.9466   3.3235   0.0000  -0.0000   1.0000    0.0430 
             85   3.0000  48.5005   3.2918   0.0000  -0.0000   1.0000   -0.0102 
             86   7.4500  48.4959   3.3169   0.0000  -0.0000   1.0000    0.0170 
             87  11.8998  48.4957   3.3139   0.0000  -0.0000   1.0000    0.0161 
             88  16.3500  48.4961   3.3014   0.0000  -0.0000   1.0000    0.0058 
             89  20.7998  48.4959   3.2733   0.0000  -0.0000   1.0000   -0.0202 
             90  25.2501  48.4959   3.2842   0.0000  -0.0000   1.0000   -0.0071 
             91  29.6998  48.4959   3.2811   0.0000  -0.0000   1.0000   -0.0080 
             92  34.1500  48.4958   3.2768   0.0000  -0.0000   1.0000   -0.0102 
             93  38.6000  48.4960   3.2844   0.0000  -0.0000   1.0000   -0.0004 
             94  43.0496  48.4959   3.3009   0.0000  -0.0000   1.0000    0.0182 
             95  47.4998  48.4959   3.3245   0.0000  -0.0000   1.0000    0.0439 
             96   3.0002  53.0514   3.2885   0.0000  -0.0000   1.0000   -0.0136 
             97   7.4498  53.0467   3.3155   0.0000  -0.0000   1.0000    0.0155 
             98  11.8996  53.0472   3.3099   0.0000  -0.0000   1.0000    0.0121 
             99  16.3498  53.0468   3.2988   0.0000  -0.0000   1.0000    0.0031 
            100  20.7991  53.0470   3.2804   0.0000  -0.0000   1.0000   -0.0130 
            101  25.2490  53.0473   3.2848   0.0000  -0.0000   1.0000   -0.0065 
            102  29.6998  53.0471   3.2760   0.0000  -0.0000   1.0000   -0.0132 
            103  34.1496  53.0476   3.2781   0.0000  -0.0000   1.0000   -0.0089 
            104  38.5995  53.0469   3.2802   0.0000  -0.0000   1.0000   -0.0047 
            105  43.0497  53.0470   3.3010   0.0000  -0.0000   1.0000    0.0182 
            106  47.4999  53.0472   3.3249   0.0000  -0.0000   1.0000    0.0444 
            107   2.9998   2.9977   3.3521   0.0000  -0.0000   1.0000    0.0503 MAX
            108   7.4501   2.9951   3.3264   0.0000  -0.0000   1.0000    0.0268 
            109  11.9000   2.9950   3.3345   0.0000  -0.0000   1.0000    0.0371 
            110  16.3494   2.9949   3.3028   0.0000  -0.0000   1.0000    0.0075 
            111  20.8003   2.9948   3.2753   0.0000  -0.0000   1.0000   -0.0178 
            112  25.2498   2.9948   3.2928   0.0000  -0.0000   1.0000    0.0018 
 
 
PART NUMBER=552-...-...-...    DATE=14/02/2022     TIME=12:04:56           PAGE#=3
DIM RETTIL3= RETTILINEIT DI LINEA 22_LE  SD=0.0150  UNIT=MM
AS   NOMINALE        MIS
M       0.0000     0.0518
DATIPUNTI  N.PUNTO   MIS X      Y        Z      VETT I      J        K    DEVIAZIONE
22_LE         1  51.4328   2.8059   1.8349   0.0009   1.0000  -0.0061    0.0006 
              2  51.4301   7.1098   1.8349   0.0009   1.0000  -0.0061    0.0065 
              3  51.4223  11.4103   1.8349   0.0009   1.0000  -0.0061    0.0073 
              4  51.4152  15.7077   1.8349   0.0009   1.0000  -0.0061    0.0089 
              5  51.4037  20.0103   1.8349   0.0009   1.0000  -0.0061    0.0060 
              6  51.3522  24.3073   1.8349   0.0009   1.0000  -0.0061   -0.0369 MIN
              7  51.3834  28.6105   1.8349   0.0009   1.0000  -0.0061    0.0030 
              8  51.3526  32.9115   1.8349   0.0009   1.0000  -0.0061   -0.0192 
              9  51.3634  37.2085   1.8349   0.0009   1.0000  -0.0061    0.0003 
             10  51.3630  41.5107   1.8349   0.0009   1.0000  -0.0061    0.0086 
             11  51.3608  45.8111   1.8349   0.0009   1.0000  -0.0061    0.0149 MAX
 
 
PART NUMBER=552-...-...-...    DATE=14/02/2022     TIME=12:04:56           PAGE#=4
DIM RETTIL4= RETTILINEIT DI LINEA 22_LO  SD=0.0174  UNIT=MM
AS   NOMINALE        MIS
M       0.0000     0.0471
DATIPUNTI  N.PUNTO   MIS X      Y        Z      VETT I      J        K    DEVIAZIONE
22_LO         1   0.0108  11.6299   1.8386  -0.0014  -1.0000   0.0061    0.0164 MAX
              2   0.0071  15.9281   1.8386  -0.0014  -1.0000   0.0061    0.0135 
              3   0.0249  20.2271   1.8386  -0.0014  -1.0000   0.0061   -0.0109 
              4   0.0101  24.5241   1.8386  -0.0014  -1.0000   0.0061   -0.0028 
              5   0.0314  28.8282   1.8386  -0.0014  -1.0000   0.0061   -0.0307 MIN
              6   0.0196  33.1294   1.8386  -0.0014  -1.0000   0.0061   -0.0254 
              7  -0.0262  37.4242   1.8386  -0.0014  -1.0000   0.0061    0.0137 
              8  -0.0335  41.7230   1.8386  -0.0014  -1.0000   0.0061    0.0144 
              9  -0.0352  46.0276   1.8386  -0.0014  -1.0000   0.0061    0.0094 
             10  -0.0474  50.3296   1.8386  -0.0014  -1.0000   0.0061    0.0151 
             11  -0.0262  54.6206   1.8386  -0.0014  -1.0000   0.0061   -0.0127 
 
 
DIM 22_LENGHT= DISTANZA 2D DA PIANO 22_LN SU PIANO 22_LS PAR SU   ASSEY,NO RAGGIO  UNIT=MM
AS   NOMINALE        MIS
M      56.2983    56.2316
 
DIM 22_WIDTH= DISTANZA 2D DA LINEA 22_LE SU LINEA 22_LO PAR SU   ASSEX,NO RAGGIO  UNIT=MM
AS   NOMINALE        MIS
M      51.4462    51.3949
 
DIM 22_THICKNESS= DISTANZA 2D DA PIANO GRANITO_34 SU PIANO 22_FS PERPEND SU PIANO 22_FS,NO RAGGIO  UNIT=MM
AS   NOMINALE        MIS
M       3.3641     3.2907
 
DIM 22_LBAR1_UP= DISTANZA 2D DA PUNTO P346 SU PUNTO P390 PAR SU   ASSEY,NO RAGGIO  UNIT=MM
AS   NOMINALE        MIS
M      56.2983    56.2793
 
DIM 22_LBAR1_DOWN= DISTANZA 2D DA PUNTO P347 SU PUNTO P391 PAR SU   ASSEY,NO RAGGIO  UNIT=MM
AS   NOMINALE        MIS
M      56.2983    56.2738
 
DIM 22_LBAR2_UP= DISTANZA 2D DA PUNTO P348 SU PUNTO P388 PAR SU   ASSEY,NO RAGGIO  UNIT=MM
AS   NOMINALE        MIS
M      56.2983    56.2544
 
DIM 22_LBAR2_DOWN= DISTANZA 2D DA PUNTO P349 SU PUNTO P389 PAR SU   ASSEY,NO RAGGIO  UNIT=MM
AS   NOMINALE        MIS
M      56.2983    56.2501
 
DIM 22_LBAR3_UP= DISTANZA 2D DA PUNTO P350 SU PUNTO P386 PAR SU   ASSEY,NO RAGGIO  UNIT=MM
AS   NOMINALE        MIS
M      56.2983    56.2330
 
DIM 22_LBAR3_DOWN= DISTANZA 2D DA PUNTO P351 SU PUNTO P387 PAR SU   ASSEY,NO RAGGIO  UNIT=MM
AS   NOMINALE        MIS
M      56.2983    56.2270
 
PART NUMBER=552-...-...-...    DATE=14/02/2022     TIME=12:04:57           PAGE#=5
DIM 22_LBAR4_UP= DISTANZA 2D DA PUNTO P352 SU PUNTO P384 PAR SU   ASSEY,NO RAGGIO  UNIT=MM
AS   NOMINALE        MIS
M      56.2983    56.2565
 
DIM 22_LBAR4_DOWN= DISTANZA 2D DA PUNTO P353 SU PUNTO P385 PAR SU   ASSEY,NO RAGGIO  UNIT=MM
AS   NOMINALE        MIS
M      56.2983    56.2619
 
DIM 22_LBAR5_UP= DISTANZA 2D DA PUNTO P354 SU PUNTO P382 PAR SU   ASSEY,NO RAGGIO  UNIT=MM
AS   NOMINALE        MIS
M      56.2983    56.2387
 
DIM 22_LBAR5_DOWN= DISTANZA 2D DA PUNTO P355 SU PUNTO P383 PAR SU   ASSEY,NO RAGGIO  UNIT=MM
AS   NOMINALE        MIS
M      56.2983    56.2413
 
DIM 22_LBAR6_UP= DISTANZA 2D DA PUNTO P356 SU PUNTO P380 PAR SU   ASSEY,NO RAGGIO  UNIT=MM
AS   NOMINALE        MIS
M      56.2983    56.2803
 
DIM 22_LBAR6_DOWN= DISTANZA 2D DA PUNTO P357 SU PUNTO P381 PAR SU   ASSEY,NO RAGGIO  UNIT=MM
AS   NOMINALE        MIS
M      56.2983    56.2833
 
DIM 22_LBAR7_UP= DISTANZA 2D DA PUNTO P358 SU PUNTO P378 PAR SU   ASSEY,NO RAGGIO  UNIT=MM
AS   NOMINALE        MIS
M      56.2983    56.2209
 
DIM 22_LBAR7_DOWN= DISTANZA 2D DA PUNTO P359 SU PUNTO P379 PAR SU   ASSEY,NO RAGGIO  UNIT=MM
AS   NOMINALE        MIS
M      56.2983    56.2293
 
DIM 22_LBAR8_UP= DISTANZA 2D DA PUNTO P360 SU PUNTO P376 PAR SU   ASSEY,NO RAGGIO  UNIT=MM
AS   NOMINALE        MIS
M      56.2983    56.2573
 
DIM 22_LBAR8_DOWN= DISTANZA 2D DA PUNTO P361 SU PUNTO P377 PAR SU   ASSEY,NO RAGGIO  UNIT=MM
AS   NOMINALE        MIS
M      56.2983    56.2605
 
DIM 22_LBAR9_UP= DISTANZA 2D DA PUNTO P362 SU PUNTO P374 PAR SU   ASSEY,NO RAGGIO  UNIT=MM
AS   NOMINALE        MIS
M      56.2983    56.2501
 
DIM 22_LBAR9_DOWN= DISTANZA 2D DA PUNTO P363 SU PUNTO P375 PAR SU   ASSEY,NO RAGGIO  UNIT=MM
AS   NOMINALE        MIS
M      56.2983    56.2550
 
DIM 22_LBAR10_UP= DISTANZA 2D DA PUNTO P364 SU PUNTO P372 PAR SU   ASSEY,NO RAGGIO  UNIT=MM
AS   NOMINALE        MIS
M      56.2983    56.2481
 
DIM 22_LBAR10_DOWN= DISTANZA 2D DA PUNTO P365 SU PUNTO P373 PAR SU   ASSEY,NO RAGGIO  UNIT=MM
AS   NOMINALE        MIS
M      56.2983    56.2452
 
