DIM PLAN1= PLANARIT DI PIANO 31_LS  SD=0.0211  UNIT=MM
AS   NOMINALE        MIS
M       0.0000     0.0669
DATIPUNTI  N.PUNTO   MIS X      Y        Z      VETT I      J        K    DEVIAZIONE
31_LS         1  11.4147   0.0410   2.5008  -0.0000  -1.0000   0.0000    0.0164 
              2  11.4110   0.0389   1.4999  -0.0000  -1.0000   0.0000    0.0190 
              3  14.6116   0.0274   2.4997  -0.0000  -1.0000   0.0000    0.0217 MAX
              4  14.6112   0.0305   1.5000  -0.0000  -1.0000   0.0000    0.0192 
              5  17.8120   0.0418   2.5000  -0.0000  -1.0000   0.0000   -0.0009 
              6  17.8111   0.0411   1.5001  -0.0000  -1.0000   0.0000    0.0004 
              7  21.0122   0.0539   2.5000  -0.0000  -1.0000   0.0000   -0.0212 
              8  21.0114   0.0534   1.4999  -0.0000  -1.0000   0.0000   -0.0202 
              9  24.2119   0.0696   2.4997  -0.0000  -1.0000   0.0000   -0.0452 MIN
             10  24.2103   0.0674   1.5001  -0.0000  -1.0000   0.0000   -0.0424 
             11  27.4120   0.0289   2.4993  -0.0000  -1.0000   0.0000   -0.0128 
             12  27.4108   0.0325   1.5000  -0.0000  -1.0000   0.0000   -0.0158 
             13  30.6120  -0.0078   2.4991  -0.0000  -1.0000   0.0000    0.0157 
             14  30.6111  -0.0080   1.5001  -0.0000  -1.0000   0.0000    0.0165 
             15  33.8119   0.0004   2.4996  -0.0000  -1.0000   0.0000   -0.0007 
             16  33.8126   0.0019   1.5000  -0.0000  -1.0000   0.0000   -0.0016 
             17  37.0117  -0.0235   2.4999  -0.0000  -1.0000   0.0000    0.0149 
             18  37.0122  -0.0243   1.4999  -0.0000  -1.0000   0.0000    0.0163 
             19  40.2117  -0.0370   2.4998  -0.0000  -1.0000   0.0000    0.0202 
             20  40.2102  -0.0358   1.5005  -0.0000  -1.0000   0.0000    0.0196 
             21  43.4116  -0.0370   2.4995  -0.0000  -1.0000   0.0000    0.0120 
             22  43.4103  -0.0343   1.4996  -0.0000  -1.0000   0.0000    0.0099 
             23  46.6119  -0.0007   2.4996  -0.0000  -1.0000   0.0000   -0.0326 
             24  46.6107   0.0007   1.5001  -0.0000  -1.0000   0.0000   -0.0334 
             25  49.8117  -0.0539   2.4997  -0.0000  -1.0000   0.0000    0.0124 
             26  49.8103  -0.0534   1.5001  -0.0000  -1.0000   0.0000    0.0125 
 
 
DIM PLAN2= PLANARIT DI PIANO 31_LN  SD=0.0184  UNIT=MM
AS   NOMINALE        MIS
M       0.0000     0.0709
DATIPUNTI  N.PUNTO   MIS X      Y        Z      VETT I      J        K    DEVIAZIONE
31_LN         1  40.1947  56.2478   2.5001   0.0000   1.0000  -0.0000    0.0005 
              2  40.1934  56.2480   1.5000   0.0000   1.0000  -0.0000    0.0008 
              3  36.9947  56.2524   2.4999   0.0000   1.0000  -0.0000    0.0035 
              4  36.9949  56.2549   1.5000   0.0000   1.0000  -0.0000    0.0061 
              5  33.7945  56.2527   2.5000   0.0000   1.0000  -0.0000    0.0022 
              6  33.7951  56.2540   1.5000   0.0000   1.0000  -0.0000    0.0036 
              7  30.5943  56.2635   2.5000   0.0000   1.0000  -0.0000    0.0114 
              8  30.5950  56.2616   1.5002   0.0000   1.0000  -0.0000    0.0096 
              9  27.3943  56.2496   2.4999   0.0000   1.0000  -0.0000   -0.0041 
             10  27.3961  56.2477   1.5002   0.0000   1.0000  -0.0000   -0.0059 
             11  24.1946  56.2652   2.5000   0.0000   1.0000  -0.0000    0.0099 
             12  24.1946  56.2680   1.5000   0.0000   1.0000  -0.0000    0.0128 
             13  20.9945  56.2624   2.5000   0.0000   1.0000  -0.0000    0.0055 
             14  20.9945  56.2639   1.5000   0.0000   1.0000  -0.0000    0.0072 
             15  17.7946  56.2519   2.4999   0.0000   1.0000  -0.0000   -0.0066 
             16  17.7943  56.2498   1.4999   0.0000   1.0000  -0.0000   -0.0085 
             17  14.5942  56.2270   2.5001   0.0000   1.0000  -0.0000   -0.0331 
             18  14.5945  56.2241   1.5000   0.0000   1.0000  -0.0000   -0.0359 
             19  11.3943  56.2211   2.5001   0.0000   1.0000  -0.0000   -0.0405 MIN
             20  11.3933  56.2234   1.4998   0.0000   1.0000  -0.0000   -0.0381 
             21   8.1942  56.2754   2.5000   0.0000   1.0000  -0.0000    0.0122 
             22   8.1955  56.2759   1.5000   0.0000   1.0000  -0.0000    0.0128 
             23   4.9943  56.2737   2.5001   0.0000   1.0000  -0.0000    0.0088 
             24   4.9943  56.2720   1.5000   0.0000   1.0000  -0.0000    0.0073 
             25   1.7938  56.2968   2.5001   0.0000   1.0000  -0.0000    0.0304 MAX
             26   1.7940  56.2946   1.5000   0.0000   1.0000  -0.0000    0.0283 
 
 
PART NUMBER=552-...-...-...    DATE=14/02/2022     TIME=11:57:02           PAGE#=2
DIM PLAN3= PLANARIT DI PIANO 31_FS  SD=0.0200  UNIT=MM
AS   NOMINALE        MIS
M       0.0000     0.0855
DATIPUNTI  N.PUNTO   MIS X      Y        Z      VETT I      J        K    DEVIAZIONE
31_FS         1   3.0001   7.5496   3.3858   0.0000   0.0000   1.0000    0.0520 
              2   7.4500   7.5486   3.3337   0.0000   0.0000   1.0000    0.0026 
              3  11.8997   7.5475   3.3132   0.0000   0.0000   1.0000   -0.0151 
              4  16.3495   7.5476   3.3031   0.0000   0.0000   1.0000   -0.0225 
              5  20.7998   7.5480   3.3064   0.0000   0.0000   1.0000   -0.0165 
              6  25.2495   7.5478   3.3008   0.0000   0.0000   1.0000   -0.0194 
              7   2.9999  12.0997   3.3816   0.0000   0.0000   1.0000    0.0498 
              8   7.4498  12.0982   3.3274   0.0000   0.0000   1.0000   -0.0017 
              9  11.9001  12.0980   3.3097   0.0000   0.0000   1.0000   -0.0166 
             10  16.3498  12.0977   3.3044   0.0000   0.0000   1.0000   -0.0192 
             11  20.8000  12.0980   3.3061   0.0000   0.0000   1.0000   -0.0148 
             12  25.2492  12.0981   3.3009   0.0000   0.0000   1.0000   -0.0172 
             13   3.0003  16.6509   3.3761   0.0000   0.0000   1.0000    0.0464 
             14   7.4490  16.6484   3.3206   0.0000   0.0000   1.0000   -0.0064 
             15  11.8995  16.6474   3.3103   0.0000   0.0000   1.0000   -0.0140 
             16  16.3498  16.6485   3.3051   0.0000   0.0000   1.0000   -0.0165 
             17  20.7997  16.6481   3.3110   0.0000   0.0000   1.0000   -0.0078 
             18  25.2499  16.6478   3.2988   0.0000   0.0000   1.0000   -0.0173 
             19   3.0003  21.2006   3.3724   0.0000   0.0000   1.0000    0.0446 
             20   7.4499  21.1980   3.3241   0.0000   0.0000   1.0000   -0.0010 
             21  11.8994  21.1977   3.3076   0.0000   0.0000   1.0000   -0.0147 
             22  16.3504  21.1977   3.3056   0.0000   0.0000   1.0000   -0.0140 
             23  20.7995  21.1979   3.3074   0.0000   0.0000   1.0000   -0.0095 
             24  25.2498  21.1973   3.2980   0.0000   0.0000   1.0000   -0.0162 
             25  29.6995  21.1975   3.2967   0.0000   0.0000   1.0000   -0.0147 
             26  34.1493  21.1977   3.3030   0.0000   0.0000   1.0000   -0.0057 
             27  38.6001  21.1979   3.2933   0.0000   0.0000   1.0000   -0.0127 
             28  43.0499  21.1975   3.2875   0.0000   0.0000   1.0000   -0.0158 
             29  47.4987  21.1974   3.3087   0.0000   0.0000   1.0000    0.0082 
             30   3.0003  25.7500   3.3649   0.0000   0.0000   1.0000    0.0392 
             31   7.4499  25.7490   3.3156   0.0000   0.0000   1.0000   -0.0074 
             32  11.8998  25.7478   3.3074   0.0000   0.0000   1.0000   -0.0130 
             33  16.3501  25.7478   3.3014   0.0000   0.0000   1.0000   -0.0163 
             34  20.7999  25.7478   3.3054   0.0000   0.0000   1.0000   -0.0094 
             35  25.2499  25.7474   3.2977   0.0000   0.0000   1.0000   -0.0144 
             36  29.6999  25.7477   3.2948   0.0000   0.0000   1.0000   -0.0146 
             37  34.1500  25.7478   3.3039   0.0000   0.0000   1.0000   -0.0028 
             38  38.5998  25.7477   3.2991   0.0000   0.0000   1.0000   -0.0048 
             39  43.0499  25.7476   3.2889   0.0000   0.0000   1.0000   -0.0123 
             40  47.4995  25.7472   3.3129   0.0000   0.0000   1.0000    0.0144 
             41   3.0000  30.3009   3.3834   0.0000   0.0000   1.0000    0.0596 MAX
             42   7.4498  30.2982   3.3385   0.0000   0.0000   1.0000    0.0174 
             43  11.8998  30.2976   3.3326   0.0000   0.0000   1.0000    0.0142 
             44  16.3498  30.2975   3.3275   0.0000   0.0000   1.0000    0.0119 
             45  20.7998  30.2976   3.3295   0.0000   0.0000   1.0000    0.0166 
             46  25.2503  30.2977   3.3242   0.0000   0.0000   1.0000    0.0140 
             47  29.7000  30.2975   3.3273   0.0000   0.0000   1.0000    0.0199 
             48  34.1499  30.2975   3.3325   0.0000   0.0000   1.0000    0.0278 
             49  38.5990  30.2974   3.3190   0.0000   0.0000   1.0000    0.0170 
             50  43.0497  30.2969   3.3193   0.0000   0.0000   1.0000    0.0200 
             51  47.5001  30.2975   3.3384   0.0000   0.0000   1.0000    0.0419 
             52   3.0004  34.8497   3.3567   0.0000   0.0000   1.0000    0.0349 
             53   7.4501  34.8480   3.3079   0.0000   0.0000   1.0000   -0.0111 
             54  11.8988  34.8476   3.3032   0.0000   0.0000   1.0000   -0.0132 
             55  16.3499  34.8474   3.3029   0.0000   0.0000   1.0000   -0.0108 
             56  20.7994  34.8478   3.3036   0.0000   0.0000   1.0000   -0.0073 
             57  25.2497  34.8478   3.2956   0.0000   0.0000   1.0000   -0.0125 
             58  29.6998  34.8473   3.2948   0.0000   0.0000   1.0000   -0.0106 
             59  34.1498  34.8476   3.3008   0.0000   0.0000   1.0000   -0.0019 
             60  38.5995  34.8479   3.2943   0.0000   0.0000   1.0000   -0.0057 
             61  43.0498  34.8476   3.2939   0.0000   0.0000   1.0000   -0.0033 
             62  47.4997  34.8477   3.3225   0.0000   0.0000   1.0000    0.0280 
             63   3.0000  39.4011   3.3488   0.0000   0.0000   1.0000    0.0290 
             64   7.4499  39.3984   3.3027   0.0000   0.0000   1.0000   -0.0144 
             65  11.8998  39.3974   3.2967   0.0000   0.0000   1.0000   -0.0177 
             66  16.3497  39.3975   3.3012   0.0000   0.0000   1.0000   -0.0104 
             67  20.7992  39.3975   3.2993   0.0000   0.0000   1.0000   -0.0096 
             68  25.2500  39.3975   3.2928   0.0000   0.0000   1.0000   -0.0134 
             69  29.7000  39.3976   3.2957   0.0000   0.0000   1.0000   -0.0078 
             70  34.1496  39.3971   3.3007   0.0000   0.0000   1.0000   -0.0000 
             71  38.5996  39.3975   3.2942   0.0000   0.0000   1.0000   -0.0038 
             72  43.0484  39.3977   3.2976   0.0000   0.0000   1.0000    0.0023 
             73  47.4994  39.3976   3.3242   0.0000   0.0000   1.0000    0.0316 
             74   3.0000  43.9499   3.3437   0.0000   0.0000   1.0000    0.0259 
             75   7.4494  43.9483   3.3011   0.0000   0.0000   1.0000   -0.0140 
             76  11.8993  43.9470   3.2970   0.0000   0.0000   1.0000   -0.0154 
             77  16.3500  43.9477   3.2945   0.0000   0.0000   1.0000   -0.0152 
             78  20.7999  43.9480   3.2989   0.0000   0.0000   1.0000   -0.0080 
             79  25.2500  43.9474   3.2938   0.0000   0.0000   1.0000   -0.0104 
             80  29.7000  43.9473   3.2941   0.0000   0.0000   1.0000   -0.0073 
             81  34.1499  43.9479   3.3011   0.0000   0.0000   1.0000    0.0024 
             82  38.5999  43.9474   3.2941   0.0000   0.0000   1.0000   -0.0019 
             83  43.0497  43.9472   3.2936   0.0000   0.0000   1.0000    0.0004 
             84  47.4995  43.9482   3.3241   0.0000   0.0000   1.0000    0.0336 
             85   3.0000  48.4989   3.3326   0.0000   0.0000   1.0000    0.0168 
             86   7.4500  48.4987   3.2970   0.0000   0.0000   1.0000   -0.0161 
             87  11.9000  48.4979   3.2910   0.0000   0.0000   1.0000   -0.0194 
             88  16.3494  48.4978   3.2908   0.0000   0.0000   1.0000   -0.0168 
             89  20.7994  48.4976   3.2940   0.0000   0.0000   1.0000   -0.0109 
             90  25.2499  48.4978   3.2878   0.0000   0.0000   1.0000   -0.0144 
             91  29.6989  48.4977   3.2855   0.0000   0.0000   1.0000   -0.0140 
             92  34.1489  48.4977   3.2959   0.0000   0.0000   1.0000   -0.0008 
             93  38.5998  48.4973   3.2924   0.0000   0.0000   1.0000   -0.0016 
             94  43.0499  48.4977   3.2927   0.0000   0.0000   1.0000    0.0014 
             95  47.5000  48.4977   3.3283   0.0000   0.0000   1.0000    0.0397 
             96   3.0001  53.0511   3.3225   0.0000   0.0000   1.0000    0.0086 
             97   7.4498  53.0478   3.2852   0.0000   0.0000   1.0000   -0.0259 MIN
             98  11.8998  53.0477   3.2888   0.0000   0.0000   1.0000   -0.0196 
             99  16.3500  53.0474   3.2896   0.0000   0.0000   1.0000   -0.0161 
            100  20.7998  53.0481   3.2953   0.0000   0.0000   1.0000   -0.0077 
            101  25.2496  53.0475   3.2863   0.0000   0.0000   1.0000   -0.0139 
            102  29.6998  53.0472   3.2907   0.0000   0.0000   1.0000   -0.0067 
            103  34.1497  53.0477   3.2977   0.0000   0.0000   1.0000    0.0030 
            104  38.5996  53.0480   3.2923   0.0000   0.0000   1.0000    0.0002 
            105  43.0501  53.0474   3.2917   0.0000   0.0000   1.0000    0.0025 
            106  47.4998  53.0473   3.3270   0.0000   0.0000   1.0000    0.0405 
            107   3.0003   2.9963   3.3893   0.0000   0.0000   1.0000    0.0535 
            108   7.4500   2.9968   3.3395   0.0000   0.0000   1.0000    0.0065 
            109  11.8998   2.9974   3.3194   0.0000   0.0000   1.0000   -0.0109 
            110  16.3500   2.9975   3.3082   0.0000   0.0000   1.0000   -0.0194 
            111  20.7997   2.9976   3.3092   0.0000   0.0000   1.0000   -0.0156 
            112  25.2500   2.9979   3.3035   0.0000   0.0000   1.0000   -0.0186 
 
 
PART NUMBER=552-...-...-...    DATE=14/02/2022     TIME=11:57:02           PAGE#=3
DIM RETTIL1= RETTILINEIT DI LINEA 31_LE  SD=0.0169  UNIT=MM
AS   NOMINALE        MIS
M       0.0000     0.0582
DATIPUNTI  N.PUNTO   MIS X      Y        Z      VETT I      J        K    DEVIAZIONE
31_LE         1  51.3094   2.8085   1.8350   0.0017   1.0000  -0.0061    0.0127 
              2  51.2799   7.1096   1.8350   0.0017   1.0000  -0.0061   -0.0114 
              3  51.2677  11.4065   1.8350   0.0017   1.0000  -0.0061   -0.0183 
              4  51.2590  15.7129   1.8350   0.0017   1.0000  -0.0061   -0.0217 MIN
              5  51.3119  20.0087   1.8350   0.0017   1.0000  -0.0061    0.0365 MAX
              6  51.2745  24.3100   1.8350   0.0017   1.0000  -0.0061    0.0045 
              7  51.2717  28.6108   1.8350   0.0017   1.0000  -0.0061    0.0070 
              8  51.2712  32.9065   1.8350   0.0017   1.0000  -0.0061    0.0118 
              9  51.2440  37.2117   1.8350   0.0017   1.0000  -0.0061   -0.0100 
             10  51.2377  41.5137   1.8350   0.0017   1.0000  -0.0061   -0.0110 
             11  51.2434  45.8107   1.8350   0.0017   1.0000  -0.0061   -0.0000 
 
 
PART NUMBER=552-...-...-...    DATE=14/02/2022     TIME=11:57:02           PAGE#=4
DIM RETTIL2= RETTILINEIT DI LINEA 31_LO  SD=0.0088  UNIT=MM
AS   NOMINALE        MIS
M       0.0000     0.0305
DATIPUNTI  N.PUNTO   MIS X      Y        Z      VETT I      J        K    DEVIAZIONE
31_LO         1   0.0122  11.6246   1.8384  -0.0010  -1.0000   0.0061   -0.0045 
              2   0.0023  15.9265   1.8384  -0.0010  -1.0000   0.0061   -0.0031 
              3  -0.0100  20.2219   1.8384  -0.0010  -1.0000   0.0061    0.0006 
              4  -0.0121  24.5248   1.8384  -0.0010  -1.0000   0.0061   -0.0059 
              5  -0.0488  28.8245   1.8384  -0.0010  -1.0000   0.0061    0.0222 MAX
              6  -0.0278  33.1237   1.8384  -0.0010  -1.0000   0.0061   -0.0073 
              7  -0.0529  37.4258   1.8384  -0.0010  -1.0000   0.0061    0.0091 
              8  -0.0500  41.7272   1.8384  -0.0010  -1.0000   0.0061   -0.0023 
              9  -0.0526  46.0238   1.8384  -0.0010  -1.0000   0.0061   -0.0083 MIN
             10  -0.0693  50.3246   1.8384  -0.0010  -1.0000   0.0061   -0.0001 
             11  -0.0776  54.6266   1.8384  -0.0010  -1.0000   0.0061   -0.0004 
 
 
DIM 31_LENGHT= DISTANZA 2D DA PIANO 31_LN SU PIANO 31_LS PAR SU   ASSEY,NO RAGGIO  UNIT=MM
AS   NOMINALE        MIS
M      56.2983    56.2486
 
DIM 31_WIDTH= DISTANZA 2D DA LINEA 31_LE SU LINEA 31_LO PAR SU   ASSEX,NO RAGGIO  UNIT=MM
AS   NOMINALE        MIS
M      51.4462    51.3052
 
DIM 31_THICKNESS= DISTANZA 2D DA PIANO GRANITO_33 SU PIANO 31_FS PERPEND SU PIANO 31_FS,NO RAGGIO  UNIT=MM
AS   NOMINALE        MIS
M       3.3641     3.3108
 
DIM 31_LBAR1_UP= DISTANZA 2D DA PUNTO P139 SU PUNTO P183 PAR SU   ASSEY,NO RAGGIO  UNIT=MM
AS   NOMINALE        MIS
M      56.2983    56.1802
 
DIM 31_LBAR1_DOWN= DISTANZA 2D DA PUNTO P140 SU PUNTO P184 PAR SU   ASSEY,NO RAGGIO  UNIT=MM
AS   NOMINALE        MIS
M      56.2983    56.1845
 
DIM 31_LBAR2_UP= DISTANZA 2D DA PUNTO P141 SU PUNTO P181 PAR SU   ASSEY,NO RAGGIO  UNIT=MM
AS   NOMINALE        MIS
M      56.2983    56.1996
 
DIM 31_LBAR2_DOWN= DISTANZA 2D DA PUNTO P142 SU PUNTO P182 PAR SU   ASSEY,NO RAGGIO  UNIT=MM
AS   NOMINALE        MIS
M      56.2983    56.1936
 
DIM 31_LBAR3_UP= DISTANZA 2D DA PUNTO P143 SU PUNTO P179 PAR SU   ASSEY,NO RAGGIO  UNIT=MM
AS   NOMINALE        MIS
M      56.2983    56.2101
 
DIM 31_LBAR3_DOWN= DISTANZA 2D DA PUNTO P144 SU PUNTO P180 PAR SU   ASSEY,NO RAGGIO  UNIT=MM
AS   NOMINALE        MIS
M      56.2983    56.2087
 
PART NUMBER=552-...-...-...    DATE=14/02/2022     TIME=11:57:02           PAGE#=5
DIM 31_LBAR4_UP= DISTANZA 2D DA PUNTO P145 SU PUNTO P177 PAR SU   ASSEY,NO RAGGIO  UNIT=MM
AS   NOMINALE        MIS
M      56.2983    56.2085
 
DIM 31_LBAR4_DOWN= DISTANZA 2D DA PUNTO P146 SU PUNTO P178 PAR SU   ASSEY,NO RAGGIO  UNIT=MM
AS   NOMINALE        MIS
M      56.2983    56.2105
 
DIM 31_LBAR5_UP= DISTANZA 2D DA PUNTO P147 SU PUNTO P175 PAR SU   ASSEY,NO RAGGIO  UNIT=MM
AS   NOMINALE        MIS
M      56.2983    56.1956
 
DIM 31_LBAR5_DOWN= DISTANZA 2D DA PUNTO P148 SU PUNTO P176 PAR SU   ASSEY,NO RAGGIO  UNIT=MM
AS   NOMINALE        MIS
M      56.2983    56.2006
 
DIM 31_LBAR6_UP= DISTANZA 2D DA PUNTO P149 SU PUNTO P173 PAR SU   ASSEY,NO RAGGIO  UNIT=MM
AS   NOMINALE        MIS
M      56.2983    56.2207
 
DIM 31_LBAR6_DOWN= DISTANZA 2D DA PUNTO P150 SU PUNTO P174 PAR SU   ASSEY,NO RAGGIO  UNIT=MM
AS   NOMINALE        MIS
M      56.2983    56.2152
 
DIM 31_LBAR7_UP= DISTANZA 2D DA PUNTO P151 SU PUNTO P171 PAR SU   ASSEY,NO RAGGIO  UNIT=MM
AS   NOMINALE        MIS
M      56.2983    56.2713
 
DIM 31_LBAR7_DOWN= DISTANZA 2D DA PUNTO P152 SU PUNTO P172 PAR SU   ASSEY,NO RAGGIO  UNIT=MM
AS   NOMINALE        MIS
M      56.2983    56.2696
 
DIM 31_LBAR8_UP= DISTANZA 2D DA PUNTO P153 SU PUNTO P169 PAR SU   ASSEY,NO RAGGIO  UNIT=MM
AS   NOMINALE        MIS
M      56.2983    56.2523
 
DIM 31_LBAR8_DOWN= DISTANZA 2D DA PUNTO P154 SU PUNTO P170 PAR SU   ASSEY,NO RAGGIO  UNIT=MM
AS   NOMINALE        MIS
M      56.2983    56.2521
 
DIM 31_LBAR9_UP= DISTANZA 2D DA PUNTO P155 SU PUNTO P167 PAR SU   ASSEY,NO RAGGIO  UNIT=MM
AS   NOMINALE        MIS
M      56.2983    56.2759
 
DIM 31_LBAR9_DOWN= DISTANZA 2D DA PUNTO P156 SU PUNTO P168 PAR SU   ASSEY,NO RAGGIO  UNIT=MM
AS   NOMINALE        MIS
M      56.2983    56.2792
 
DIM 31_LBAR10_UP= DISTANZA 2D DA PUNTO P157 SU PUNTO P165 PAR SU   ASSEY,NO RAGGIO  UNIT=MM
AS   NOMINALE        MIS
M      56.2983    56.2848
 
DIM 31_LBAR10_DOWN= DISTANZA 2D DA PUNTO P158 SU PUNTO P166 PAR SU   ASSEY,NO RAGGIO  UNIT=MM
AS   NOMINALE        MIS
M      56.2983    56.2838
 
