DIM PLAN13= PLANARIT DI PIANO 11_LS  SD=0.0068  UNIT=MM
AS   NOMINALE        MIS
M       0.0000     0.0236
DATIPUNTI  N.PUNTO   MIS X      Y        Z      VETT I      J        K    DEVIAZIONE
11_LS         1  11.4143   0.0122   2.5013  -0.0000  -1.0000   0.0000   -0.0042 
              2  11.4121   0.0132   1.5001  -0.0000  -1.0000   0.0000   -0.0056 
              3  14.6122   0.0072   2.4999  -0.0000  -1.0000   0.0000    0.0004 
              4  14.6123   0.0130   1.5001  -0.0000  -1.0000   0.0000   -0.0058 
              5  17.8120   0.0014   2.4996  -0.0000  -1.0000   0.0000    0.0058 
              6  17.8121   0.0063   1.5000  -0.0000  -1.0000   0.0000    0.0005 
              7  21.0125   0.0072   2.4997  -0.0000  -1.0000   0.0000   -0.0005 
              8  21.0123   0.0034   1.5000  -0.0000  -1.0000   0.0000    0.0029 
              9  24.2126   0.0076   2.4999  -0.0000  -1.0000   0.0000   -0.0013 
             10  24.2117   0.0041   1.5001  -0.0000  -1.0000   0.0000    0.0018 
             11  27.4123  -0.0026   2.4993  -0.0000  -1.0000   0.0000    0.0085 
             12  27.4120  -0.0055   1.5000  -0.0000  -1.0000   0.0000    0.0110 
             13  30.6122   0.0068   2.4993  -0.0000  -1.0000   0.0000   -0.0014 
             14  30.6124   0.0070   1.5001  -0.0000  -1.0000   0.0000   -0.0020 
             15  33.8124  -0.0032   2.4992  -0.0000  -1.0000   0.0000    0.0082 
             16  33.8118  -0.0065   1.5000  -0.0000  -1.0000   0.0000    0.0111 MAX
             17  37.0122   0.0075   2.4993  -0.0000  -1.0000   0.0000   -0.0029 
             18  37.0123   0.0060   1.5001  -0.0000  -1.0000   0.0000   -0.0018 
             19  40.2118   0.0159   2.4997  -0.0000  -1.0000   0.0000   -0.0118 
             20  40.2120   0.0137   1.4997  -0.0000  -1.0000   0.0000   -0.0100 
             21  43.4126   0.0143   2.5000  -0.0000  -1.0000   0.0000   -0.0107 
             22  43.4119   0.0158   1.4997  -0.0000  -1.0000   0.0000   -0.0125 MIN
             23  46.6122   0.0019   2.4998  -0.0000  -1.0000   0.0000    0.0014 
             24  46.6117  -0.0014   1.5005  -0.0000  -1.0000   0.0000    0.0043 
             25  49.8124  -0.0057   2.4995  -0.0000  -1.0000   0.0000    0.0085 
             26  49.8119  -0.0036   1.5002  -0.0000  -1.0000   0.0000    0.0060 
 
 
DIM PLAN14= PLANARIT DI PIANO 11_LN  SD=0.0083  UNIT=MM
AS   NOMINALE        MIS
M       0.0000     0.0316
DATIPUNTI  N.PUNTO   MIS X      Y        Z      VETT I      J        K    DEVIAZIONE
11_LN         1  40.1938  56.2992   2.5022   0.0000   1.0000  -0.0000    0.0107 
              2  40.1940  56.2956   1.5003   0.0000   1.0000  -0.0000    0.0067 
              3  36.9939  56.3015   2.5000   0.0000   1.0000  -0.0000    0.0097 
              4  36.9944  56.2975   1.5003   0.0000   1.0000  -0.0000    0.0052 
              5  33.7938  56.2961   2.5000   0.0000   1.0000  -0.0000    0.0009 
              6  33.7940  56.2934   1.5002   0.0000   1.0000  -0.0000   -0.0024 
              7  30.5942  56.3012   2.5001   0.0000   1.0000  -0.0000    0.0026 
              8  30.5944  56.3025   1.5002   0.0000   1.0000  -0.0000    0.0033 
              9  27.3944  56.2981   2.5000   0.0000   1.0000  -0.0000   -0.0039 
             10  27.3947  56.2948   1.5000   0.0000   1.0000  -0.0000   -0.0077 
             11  24.1941  56.3023   2.5000   0.0000   1.0000  -0.0000   -0.0031 
             12  24.1946  56.2995   1.5001   0.0000   1.0000  -0.0000   -0.0065 
             13  20.9946  56.3078   2.5000   0.0000   1.0000  -0.0000   -0.0010 
             14  20.9946  56.3050   1.5000   0.0000   1.0000  -0.0000   -0.0044 
             15  17.7943  56.2962   2.5000   0.0000   1.0000  -0.0000   -0.0161 MIN
             16  17.7942  56.2990   1.4997   0.0000   1.0000  -0.0000   -0.0137 
             17  14.5937  56.3007   2.5000   0.0000   1.0000  -0.0000   -0.0149 
             18  14.5947  56.3053   1.4999   0.0000   1.0000  -0.0000   -0.0109 
             19  11.3940  56.3193   2.4999   0.0000   1.0000  -0.0000    0.0003 
             20  11.3943  56.3177   1.5000   0.0000   1.0000  -0.0000   -0.0018 
             21   8.1943  56.3243   2.5001   0.0000   1.0000  -0.0000    0.0019 
             22   8.1943  56.3284   1.5003   0.0000   1.0000  -0.0000    0.0054 
             23   4.9939  56.3334   2.5000   0.0000   1.0000  -0.0000    0.0076 
             24   4.9943  56.3419   1.5000   0.0000   1.0000  -0.0000    0.0155 MAX
             25   1.7946  56.3344   2.5000   0.0000   1.0000  -0.0000    0.0052 
             26   1.7943  56.3411   1.5001   0.0000   1.0000  -0.0000    0.0114 
 
 
PART NUMBER=552-...-...-...    DATE=14/02/2022     TIME=12:41:46           PAGE#=2
DIM PLAN15= PLANARIT DI PIANO 11_FS  SD=0.0177  UNIT=MM
AS   NOMINALE        MIS
M       0.0000     0.0736
DATIPUNTI  N.PUNTO   MIS X      Y        Z      VETT I      J        K    DEVIAZIONE
11_FS         1   3.0000   7.5508   3.3452   0.0000   0.0000   1.0000    0.0020 
              2   7.4498   7.5514   3.3661   0.0000   0.0000   1.0000    0.0100 
              3  11.8997   7.5490   3.3360   0.0000   0.0000   1.0000   -0.0329 
              4  16.3495   7.5511   3.3662   0.0000   0.0000   1.0000   -0.0154 
              5  20.7998   7.5511   3.3765   0.0000   0.0000   1.0000   -0.0179 
              6  25.2496   7.5490   3.3906   0.0000   0.0000   1.0000   -0.0166 
              7   2.9998  12.1009   3.3492   0.0000   0.0000   1.0000    0.0060 
              8   7.4500  12.1013   3.3705   0.0000   0.0000   1.0000    0.0145 
              9  11.8998  12.0986   3.3405   0.0000   0.0000   1.0000   -0.0283 
             10  16.3497  12.1010   3.3708   0.0000   0.0000   1.0000   -0.0108 
             11  20.7997  12.1015   3.3899   0.0000   0.0000   1.0000   -0.0044 
             12  25.2497  12.0989   3.4034   0.0000   0.0000   1.0000   -0.0037 
             13   2.9998  16.6502   3.3520   0.0000   0.0000   1.0000    0.0088 
             14   7.4494  16.6520   3.3701   0.0000   0.0000   1.0000    0.0142 
             15  11.8997  16.6487   3.3469   0.0000   0.0000   1.0000   -0.0218 
             16  16.3502  16.6520   3.3896   0.0000   0.0000   1.0000    0.0081 
             17  20.7999  16.6492   3.4027   0.0000   0.0000   1.0000    0.0084 
             18  25.2496  16.6496   3.4177   0.0000   0.0000   1.0000    0.0106 
             19   3.0001  21.1997   3.3545   0.0000   0.0000   1.0000    0.0114 
             20   7.4494  21.2018   3.3731   0.0000   0.0000   1.0000    0.0172 
             21  11.9001  21.1992   3.3547   0.0000   0.0000   1.0000   -0.0139 
             22  16.3494  21.1991   3.3954   0.0000   0.0000   1.0000    0.0140 
             23  20.8001  21.2000   3.4079   0.0000   0.0000   1.0000    0.0136 
             24  25.2501  21.2003   3.4227   0.0000   0.0000   1.0000    0.0156 
             25  29.6996  21.2007   3.4273   0.0000   0.0000   1.0000    0.0074 
             26  34.1496  21.2005   3.4344   0.0000   0.0000   1.0000    0.0018 
             27  38.6001  21.2002   3.4454   0.0000   0.0000   1.0000   -0.0000 
             28  43.0500  21.2001   3.4687   0.0000   0.0000   1.0000    0.0105 
             29  47.4994  21.2005   3.4860   0.0000   0.0000   1.0000    0.0149 
             30   3.0003  25.7503   3.3452   0.0000   0.0000   1.0000    0.0022 
             31   7.4498  25.7513   3.3754   0.0000   0.0000   1.0000    0.0196 
             32  11.8999  25.7487   3.3568   0.0000   0.0000   1.0000   -0.0118 
             33  16.3499  25.7516   3.3996   0.0000   0.0000   1.0000    0.0181 
             34  20.7996  25.7496   3.4087   0.0000   0.0000   1.0000    0.0145 
             35  25.2497  25.7487   3.4218   0.0000   0.0000   1.0000    0.0148 
             36  29.6996  25.7517   3.4305   0.0000   0.0000   1.0000    0.0107 
             37  34.1497  25.7492   3.4435   0.0000   0.0000   1.0000    0.0109 
             38  38.5996  25.7491   3.4490   0.0000   0.0000   1.0000    0.0037 
             39  43.0500  25.7516   3.4718   0.0000   0.0000   1.0000    0.0136 
             40  47.4998  25.7488   3.4853   0.0000   0.0000   1.0000    0.0143 
             41   3.0003  30.2998   3.3299   0.0000   0.0000   1.0000   -0.0130 
             42   7.4500  30.3018   3.3773   0.0000   0.0000   1.0000    0.0216 MAX
             43  11.8994  30.2988   3.3618   0.0000   0.0000   1.0000   -0.0068 
             44  16.3495  30.2996   3.3911   0.0000   0.0000   1.0000    0.0097 
             45  20.7999  30.3002   3.3961   0.0000   0.0000   1.0000    0.0019 
             46  25.2496  30.3004   3.4255   0.0000   0.0000   1.0000    0.0186 
             47  29.6997  30.3003   3.4360   0.0000   0.0000   1.0000    0.0163 
             48  34.1502  30.3007   3.4464   0.0000   0.0000   1.0000    0.0139 
             49  38.5997  30.3002   3.4466   0.0000   0.0000   1.0000    0.0012 
             50  43.0499  30.2992   3.4793   0.0000   0.0000   1.0000    0.0211 
             51  47.4996  30.2993   3.4893   0.0000   0.0000   1.0000    0.0184 
             52   2.9998  34.8500   3.3428   0.0000   0.0000   1.0000   -0.0001 
             53   7.4495  34.8514   3.3770   0.0000   0.0000   1.0000    0.0213 
             54  11.8999  34.8497   3.3627   0.0000   0.0000   1.0000   -0.0058 
             55  16.3495  34.8492   3.4014   0.0000   0.0000   1.0000    0.0201 
             56  20.7995  34.8506   3.4147   0.0000   0.0000   1.0000    0.0206 
             57  25.2496  34.8518   3.4271   0.0000   0.0000   1.0000    0.0202 
             58  29.6996  34.8488   3.4377   0.0000   0.0000   1.0000    0.0181 
             59  34.1497  34.8506   3.4440   0.0000   0.0000   1.0000    0.0116 
             60  38.5996  34.8515   3.4531   0.0000   0.0000   1.0000    0.0078 
             61  43.0497  34.8489   3.4629   0.0000   0.0000   1.0000    0.0048 
             62  47.4997  34.8501   3.4913   0.0000   0.0000   1.0000    0.0204 
             63   3.0001  39.4004   3.3577   0.0000   0.0000   1.0000    0.0148 
             64   7.4495  39.4015   3.3737   0.0000   0.0000   1.0000    0.0180 
             65  11.8997  39.3988   3.3585   0.0000   0.0000   1.0000   -0.0100 
             66  16.3499  39.4015   3.3997   0.0000   0.0000   1.0000    0.0185 
             67  20.7996  39.3995   3.4098   0.0000   0.0000   1.0000    0.0158 
             68  25.2499  39.3993   3.4254   0.0000   0.0000   1.0000    0.0186 
             69  29.6999  39.4016   3.4323   0.0000   0.0000   1.0000    0.0126 
             70  34.1501  39.3992   3.4466   0.0000   0.0000   1.0000    0.0142 
             71  38.5998  39.3992   3.4508   0.0000   0.0000   1.0000    0.0056 
             72  43.0501  39.4019   3.4672   0.0000   0.0000   1.0000    0.0092 
             73  47.4997  39.3989   3.4806   0.0000   0.0000   1.0000    0.0098 
             74   3.0002  43.9498   3.3439   0.0000   0.0000   1.0000    0.0011 
             75   7.4501  43.9512   3.3710   0.0000   0.0000   1.0000    0.0154 
             76  11.9002  43.9508   3.3665   0.0000   0.0000   1.0000   -0.0019 
             77  16.3500  43.9505   3.3963   0.0000   0.0000   1.0000    0.0151 
             78  20.7996  43.9499   3.4054   0.0000   0.0000   1.0000    0.0115 
             79  25.2501  43.9499   3.4207   0.0000   0.0000   1.0000    0.0140 
             80  29.6998  43.9501   3.4267   0.0000   0.0000   1.0000    0.0071 
             81  34.1496  43.9506   3.4380   0.0000   0.0000   1.0000    0.0056 
             82  38.5998  43.9512   3.4498   0.0000   0.0000   1.0000    0.0046 
             83  43.0494  43.9503   3.4521   0.0000   0.0000   1.0000   -0.0058 
             84  47.4997  43.9499   3.4715   0.0000   0.0000   1.0000    0.0008 
             85   3.0000  48.5013   3.3426   0.0000   0.0000   1.0000   -0.0002 
             86   7.4494  48.5006   3.3637   0.0000   0.0000   1.0000    0.0082 
             87  11.8990  48.4998   3.3591   0.0000   0.0000   1.0000   -0.0092 
             88  16.3502  48.5005   3.3730   0.0000   0.0000   1.0000   -0.0081 
             89  20.7990  48.5008   3.3729   0.0000   0.0000   1.0000   -0.0211 
             90  25.2498  48.5012   3.3968   0.0000   0.0000   1.0000   -0.0099 
             91  29.6993  48.4999   3.4054   0.0000   0.0000   1.0000   -0.0141 
             92  34.1496  48.5002   3.4232   0.0000   0.0000   1.0000   -0.0091 
             93  38.5995  48.5012   3.4394   0.0000   0.0000   1.0000   -0.0057 
             94  43.0501  48.5006   3.4316   0.0000   0.0000   1.0000   -0.0263 
             95  47.4996  48.5002   3.4589   0.0000   0.0000   1.0000   -0.0117 
             96   3.0002  53.0496   3.3358   0.0000   0.0000   1.0000   -0.0069 
             97   7.4503  53.0517   3.3578   0.0000   0.0000   1.0000    0.0023 
             98  11.8998  53.0489   3.3441   0.0000   0.0000   1.0000   -0.0241 
             99  16.3496  53.0508   3.3667   0.0000   0.0000   1.0000   -0.0143 
            100  20.7990  53.0510   3.3610   0.0000   0.0000   1.0000   -0.0329 
            101  25.2500  53.0485   3.3875   0.0000   0.0000   1.0000   -0.0192 
            102  29.7001  53.0514   3.3893   0.0000   0.0000   1.0000   -0.0301 
            103  34.1502  53.0493   3.4025   0.0000   0.0000   1.0000   -0.0297 
            104  38.5998  53.0498   3.4084   0.0000   0.0000   1.0000   -0.0366 
            105  43.0499  53.0512   3.4058   0.0000   0.0000   1.0000   -0.0521 MIN
            106  47.4990  53.0500   3.4390   0.0000   0.0000   1.0000   -0.0317 
            107   3.0000   2.9979   3.3344   0.0000   0.0000   1.0000   -0.0089 
            108   7.4495   3.0012   3.3527   0.0000   0.0000   1.0000   -0.0034 
            109  11.8994   3.0006   3.3233   0.0000   0.0000   1.0000   -0.0456 
            110  16.3497   2.9993   3.3423   0.0000   0.0000   1.0000   -0.0394 
            111  20.7997   3.0010   3.3525   0.0000   0.0000   1.0000   -0.0420 
            112  25.2498   2.9997   3.3584   0.0000   0.0000   1.0000   -0.0488 
 
 
PART NUMBER=552-...-...-...    DATE=14/02/2022     TIME=12:41:46           PAGE#=3
DIM RETTIL9= RETTILINEIT DI LINEA 11_LE  SD=0.0158  UNIT=MM
AS   NOMINALE        MIS
M       0.0000     0.0619
DATIPUNTI  N.PUNTO   MIS X      Y        Z      VETT I      J        K    DEVIAZIONE
11_LE         1  51.7864   2.8094   1.8349   0.0050   1.0000  -0.0061    0.0284 MAX
              2  51.7650   7.1114   1.8349   0.0050   1.0000  -0.0061   -0.0018 
              3  51.7724  11.4118   1.8349   0.0050   1.0000  -0.0061   -0.0030 
              4  51.7506  15.7124   1.8349   0.0050   1.0000  -0.0061   -0.0335 MIN
              5  51.7846  20.0113   1.8349   0.0050   1.0000  -0.0061   -0.0083 
              6  51.8086  24.3171   1.8349   0.0050   1.0000  -0.0061    0.0070 
              7  51.8202  28.6103   1.8349   0.0050   1.0000  -0.0061    0.0099 
              8  51.8044  32.9106   1.8349   0.0050   1.0000  -0.0061   -0.0146 
              9  51.8319  37.2164   1.8349   0.0050   1.0000  -0.0061    0.0042 
             10  51.8385  41.5133   1.8349   0.0050   1.0000  -0.0061    0.0021 
             11  51.8549  45.8107   1.8349   0.0050   1.0000  -0.0061    0.0097 
 
 
PART NUMBER=552-...-...-...    DATE=14/02/2022     TIME=12:41:46           PAGE#=4
DIM RETTIL10= RETTILINEIT DI LINEA 11_LO  SD=0.0230  UNIT=MM
AS   NOMINALE        MIS
M       0.0000     0.0651
DATIPUNTI  N.PUNTO   MIS X      Y        Z      VETT I      J        K    DEVIAZIONE
11_LO         1  -0.0010  11.6230   1.8386  -0.0065  -1.0000   0.0061    0.0179 
              2   0.0213  15.9233   1.8386  -0.0065  -1.0000   0.0061    0.0107 
              3   0.0364  20.2230   1.8386  -0.0065  -1.0000   0.0061    0.0108 
              4   0.0610  24.5286   1.8386  -0.0065  -1.0000   0.0061    0.0012 
              5   0.0860  28.8202   1.8386  -0.0065  -1.0000   0.0061   -0.0087 
              6   0.1199  33.1239   1.8386  -0.0065  -1.0000   0.0061   -0.0274 MIN
              7   0.1341  37.4274   1.8386  -0.0065  -1.0000   0.0061   -0.0265 
              8   0.1470  41.7207   1.8386  -0.0065  -1.0000   0.0061   -0.0244 
              9   0.1574  46.0225   1.8386  -0.0065  -1.0000   0.0061   -0.0197 
             10   0.1152  50.3248   1.8386  -0.0065  -1.0000   0.0061    0.0377 MAX
             11   0.1396  54.6228   1.8386  -0.0065  -1.0000   0.0061    0.0284 
 
 
DIM 11_LENGHT= DISTANZA 2D DA PIANO 11_LN SU PIANO 11_LS PAR SU   ASSEY,NO RAGGIO  UNIT=MM
AS   NOMINALE        MIS
M      56.2983    56.3038
 
DIM 11_WIDTH= DISTANZA 2D DA LINEA 11_LE SU LINEA 11_LO PAR SU   ASSEX,NO RAGGIO  UNIT=MM
AS   NOMINALE        MIS
M      51.4462    51.7092
 
DIM 11_THICKNESS= DISTANZA 2D DA PIANO GRANITO_46 SU PIANO 11_FS PERPEND SU PIANO 11_FS,NO RAGGIO  UNIT=MM
AS   NOMINALE        MIS
M       3.3641     3.4086
 
DIM 11_LBAR1_UP= DISTANZA 2D DA PUNTO P967 SU PUNTO P1011 PAR SU   ASSEY,NO RAGGIO  UNIT=MM
AS   NOMINALE        MIS
M      56.2983    56.3071
 
DIM 11_LBAR1_DOWN= DISTANZA 2D DA PUNTO P968 SU PUNTO P1012 PAR SU   ASSEY,NO RAGGIO  UNIT=MM
AS   NOMINALE        MIS
M      56.2983    56.3045
 
DIM 11_LBAR2_UP= DISTANZA 2D DA PUNTO P969 SU PUNTO P1009 PAR SU   ASSEY,NO RAGGIO  UNIT=MM
AS   NOMINALE        MIS
M      56.2983    56.2935
 
DIM 11_LBAR2_DOWN= DISTANZA 2D DA PUNTO P970 SU PUNTO P1010 PAR SU   ASSEY,NO RAGGIO  UNIT=MM
AS   NOMINALE        MIS
M      56.2983    56.2923
 
DIM 11_LBAR3_UP= DISTANZA 2D DA PUNTO P971 SU PUNTO P1007 PAR SU   ASSEY,NO RAGGIO  UNIT=MM
AS   NOMINALE        MIS
M      56.2983    56.2948
 
DIM 11_LBAR3_DOWN= DISTANZA 2D DA PUNTO P972 SU PUNTO P1008 PAR SU   ASSEY,NO RAGGIO  UNIT=MM
AS   NOMINALE        MIS
M      56.2983    56.2928
 
PART NUMBER=552-...-...-...    DATE=14/02/2022     TIME=12:41:46           PAGE#=5
DIM 11_LBAR4_UP= DISTANZA 2D DA PUNTO P973 SU PUNTO P1005 PAR SU   ASSEY,NO RAGGIO  UNIT=MM
AS   NOMINALE        MIS
M      56.2983    56.3006
 
DIM 11_LBAR4_DOWN= DISTANZA 2D DA PUNTO P974 SU PUNTO P1006 PAR SU   ASSEY,NO RAGGIO  UNIT=MM
AS   NOMINALE        MIS
M      56.2983    56.3016
 
DIM 11_LBAR5_UP= DISTANZA 2D DA PUNTO P975 SU PUNTO P1003 PAR SU   ASSEY,NO RAGGIO  UNIT=MM
AS   NOMINALE        MIS
M      56.2983    56.2947
 
DIM 11_LBAR5_DOWN= DISTANZA 2D DA PUNTO P976 SU PUNTO P1004 PAR SU   ASSEY,NO RAGGIO  UNIT=MM
AS   NOMINALE        MIS
M      56.2983    56.2954
 
DIM 11_LBAR6_UP= DISTANZA 2D DA PUNTO P977 SU PUNTO P1001 PAR SU   ASSEY,NO RAGGIO  UNIT=MM
AS   NOMINALE        MIS
M      56.2983    56.3008
 
DIM 11_LBAR6_DOWN= DISTANZA 2D DA PUNTO P978 SU PUNTO P1002 PAR SU   ASSEY,NO RAGGIO  UNIT=MM
AS   NOMINALE        MIS
M      56.2983    56.3004
 
DIM 11_LBAR7_UP= DISTANZA 2D DA PUNTO P979 SU PUNTO P999 PAR SU   ASSEY,NO RAGGIO  UNIT=MM
AS   NOMINALE        MIS
M      56.2983    56.2944
 
DIM 11_LBAR7_DOWN= DISTANZA 2D DA PUNTO P980 SU PUNTO P1000 PAR SU   ASSEY,NO RAGGIO  UNIT=MM
AS   NOMINALE        MIS
M      56.2983    56.2955
 
DIM 11_LBAR8_UP= DISTANZA 2D DA PUNTO P981 SU PUNTO P997 PAR SU   ASSEY,NO RAGGIO  UNIT=MM
AS   NOMINALE        MIS
M      56.2983    56.2993
 
DIM 11_LBAR8_DOWN= DISTANZA 2D DA PUNTO P982 SU PUNTO P998 PAR SU   ASSEY,NO RAGGIO  UNIT=MM
AS   NOMINALE        MIS
M      56.2983    56.2999
 
DIM 11_LBAR9_UP= DISTANZA 2D DA PUNTO P983 SU PUNTO P995 PAR SU   ASSEY,NO RAGGIO  UNIT=MM
AS   NOMINALE        MIS
M      56.2983    56.2941
 
DIM 11_LBAR9_DOWN= DISTANZA 2D DA PUNTO P984 SU PUNTO P996 PAR SU   ASSEY,NO RAGGIO  UNIT=MM
AS   NOMINALE        MIS
M      56.2983    56.2916
 
DIM 11_LBAR10_UP= DISTANZA 2D DA PUNTO P985 SU PUNTO P993 PAR SU   ASSEY,NO RAGGIO  UNIT=MM
AS   NOMINALE        MIS
M      56.2983    56.2832
 
DIM 11_LBAR10_DOWN= DISTANZA 2D DA PUNTO P986 SU PUNTO P994 PAR SU   ASSEY,NO RAGGIO  UNIT=MM
AS   NOMINALE        MIS
M      56.2983    56.2820
 
