DIM PLAN10= PLANARIT DI PIANO 12_LS  SD=0.0175  UNIT=MM
AS   NOMINALE        MIS
M       0.0000     0.0590
DATIPUNTI  N.PUNTO   MIS X      Y        Z      VETT I      J        K    DEVIAZIONE
12_LS         1  11.4140   0.0017   2.5002  -0.0000  -1.0000   0.0000   -0.0025 
              2  11.4135   0.0051   1.5001  -0.0000  -1.0000   0.0000   -0.0059 
              3  14.6119  -0.0123   2.5001  -0.0000  -1.0000   0.0000    0.0149 
              4  14.6145  -0.0106   1.5001  -0.0000  -1.0000   0.0000    0.0132 
              5  17.8119   0.0014   2.5000  -0.0000  -1.0000   0.0000    0.0045 
              6  17.8143   0.0024   1.5003  -0.0000  -1.0000   0.0000    0.0035 
              7  21.0120   0.0023   2.5001  -0.0000  -1.0000   0.0000    0.0070 
              8  21.0144   0.0018   1.4999  -0.0000  -1.0000   0.0000    0.0075 
              9  24.2121   0.0291   2.5000  -0.0000  -1.0000   0.0000   -0.0164 
             10  24.2145   0.0315   1.5000  -0.0000  -1.0000   0.0000   -0.0188 
             11  27.4118   0.0348   2.4999  -0.0000  -1.0000   0.0000   -0.0189 
             12  27.4143   0.0334   1.4998  -0.0000  -1.0000   0.0000   -0.0174 
             13  30.6124   0.0353   2.5001  -0.0000  -1.0000   0.0000   -0.0160 
             14  30.6143   0.0351   1.5003  -0.0000  -1.0000   0.0000   -0.0157 
             15  33.8117   0.0003   2.5001  -0.0000  -1.0000   0.0000    0.0224 
             16  33.8138  -0.0003   1.5002  -0.0000  -1.0000   0.0000    0.0231 
             17  37.0119   0.0466   2.5000  -0.0000  -1.0000   0.0000   -0.0206 
             18  37.0138   0.0469   1.5003  -0.0000  -1.0000   0.0000   -0.0208 MIN
             19  40.2115  -0.0075   2.5001  -0.0000  -1.0000   0.0000    0.0369 
             20  40.2141  -0.0087   1.4998  -0.0000  -1.0000   0.0000    0.0381 MAX
             21  43.4118   0.0303   2.5000  -0.0000  -1.0000   0.0000    0.0025 
             22  43.4140   0.0292   1.5002  -0.0000  -1.0000   0.0000    0.0036 
             23  46.6117   0.0341   2.5000  -0.0000  -1.0000   0.0000    0.0020 
             24  46.6139   0.0308   1.5000  -0.0000  -1.0000   0.0000    0.0053 
             25  49.8115   0.0552   2.5001  -0.0000  -1.0000   0.0000   -0.0157 
             26  49.8141   0.0554   1.5001  -0.0000  -1.0000   0.0000   -0.0159 
 
 
DIM PLAN11= PLANARIT DI PIANO 12_LN  SD=0.0239  UNIT=MM
AS   NOMINALE        MIS
M       0.0000     0.0807
DATIPUNTI  N.PUNTO   MIS X      Y        Z      VETT I      J        K    DEVIAZIONE
12_LN         1  40.1929  56.2616   2.5001   0.0000   1.0000  -0.0000   -0.0475 
              2  40.1920  56.2618   1.5001   0.0000   1.0000  -0.0000   -0.0483 MIN
              3  36.9941  56.3312   2.5000   0.0000   1.0000  -0.0000    0.0266 
              4  36.9920  56.3341   1.5000   0.0000   1.0000  -0.0000    0.0285 
              5  33.7948  56.2838   2.5001   0.0000   1.0000  -0.0000   -0.0163 
              6  33.7921  56.2848   1.5000   0.0000   1.0000  -0.0000   -0.0163 
              7  30.5942  56.3280   2.5000   0.0000   1.0000  -0.0000    0.0324 MAX
              8  30.5962  56.3258   1.5001   0.0000   1.0000  -0.0000    0.0292 
              9  27.3943  56.3032   2.4999   0.0000   1.0000  -0.0000    0.0121 
             10  27.3967  56.3020   1.5000   0.0000   1.0000  -0.0000    0.0099 
             11  24.1947  56.3142   2.5001   0.0000   1.0000  -0.0000    0.0276 
             12  24.1919  56.3162   1.5000   0.0000   1.0000  -0.0000    0.0285 
             13  20.9940  56.2658   2.5000   0.0000   1.0000  -0.0000   -0.0163 
             14  20.9915  56.2677   1.5001   0.0000   1.0000  -0.0000   -0.0155 
             15  17.7947  56.2799   2.5000   0.0000   1.0000  -0.0000    0.0022 
             16  17.7923  56.2835   1.5001   0.0000   1.0000  -0.0000    0.0049 
             17  14.5945  56.2692   2.5000   0.0000   1.0000  -0.0000   -0.0040 
             18  14.5920  56.2704   1.5002   0.0000   1.0000  -0.0000   -0.0038 
             19  11.3945  56.2823   2.5000   0.0000   1.0000  -0.0000    0.0137 
             20  11.3919  56.2823   1.5001   0.0000   1.0000  -0.0000    0.0126 
             21   8.1942  56.2387   2.5000   0.0000   1.0000  -0.0000   -0.0255 
             22   8.1921  56.2413   1.5000   0.0000   1.0000  -0.0000   -0.0238 
             23   4.9943  56.2345   2.5000   0.0000   1.0000  -0.0000   -0.0252 
             24   4.9925  56.2392   1.5002   0.0000   1.0000  -0.0000   -0.0215 
             25   1.7941  56.2753   2.4999   0.0000   1.0000  -0.0000    0.0202 
             26   1.7922  56.2719   1.5000   0.0000   1.0000  -0.0000    0.0157 
 
 
PART NUMBER=552-...-...-...    DATE=14/02/2022     TIME=12:33:55           PAGE#=2
DIM PLAN12= PLANARIT DI PIANO 12_FS  SD=0.0331  UNIT=MM
AS   NOMINALE        MIS
M       0.0000     0.1515
DATIPUNTI  N.PUNTO   MIS X      Y        Z      VETT I      J        K    DEVIAZIONE
12_FS         1   3.0002   7.5499   3.3877   0.0000   0.0000   1.0000    0.0876 
              2   7.4501   7.5474   3.2410   0.0000   0.0000   1.0000   -0.0534 
              3  11.9001   7.5466   3.2573   0.0000   0.0000   1.0000   -0.0312 
              4  16.3498   7.5461   3.2737   0.0000   0.0000   1.0000   -0.0091 
              5  20.7998   7.5463   3.2623   0.0000   0.0000   1.0000   -0.0146 
              6  25.2500   7.5459   3.2459   0.0000   0.0000   1.0000   -0.0253 
              7   3.0001  12.1005   3.3862   0.0000   0.0000   1.0000    0.0848 
              8   7.4501  12.0968   3.2454   0.0000   0.0000   1.0000   -0.0502 
              9  11.8996  12.0965   3.2601   0.0000   0.0000   1.0000   -0.0297 
             10  16.3500  12.0959   3.2767   0.0000   0.0000   1.0000   -0.0073 
             11  20.7995  12.0963   3.2651   0.0000   0.0000   1.0000   -0.0131 
             12  25.2499  12.0960   3.2486   0.0000   0.0000   1.0000   -0.0238 
             13   3.0001  16.6506   3.3814   0.0000   0.0000   1.0000    0.0788 
             14   7.4496  16.6471   3.2484   0.0000   0.0000   1.0000   -0.0484 
             15  11.9000  16.6458   3.2634   0.0000   0.0000   1.0000   -0.0276 
             16  16.3493  16.6449   3.2776   0.0000   0.0000   1.0000   -0.0077 
             17  20.8000  16.6452   3.2676   0.0000   0.0000   1.0000   -0.0118 
             18  25.2496  16.6451   3.2508   0.0000   0.0000   1.0000   -0.0229 
             19   3.0001  21.1994   3.3789   0.0000   0.0000   1.0000    0.0750 
             20   7.4495  21.1957   3.2511   0.0000   0.0000   1.0000   -0.0469 
             21  11.9000  21.1965   3.2668   0.0000   0.0000   1.0000   -0.0255 
             22  16.3499  21.1964   3.2781   0.0000   0.0000   1.0000   -0.0083 
             23  20.7997  21.1967   3.2689   0.0000   0.0000   1.0000   -0.0118 
             24  25.2500  21.1965   3.2516   0.0000   0.0000   1.0000   -0.0232 
             25  29.6995  21.1965   3.2765   0.0000   0.0000   1.0000    0.0074 
             26  34.1498  21.1965   3.2585   0.0000   0.0000   1.0000   -0.0049 
             27  38.5996  21.1968   3.2931   0.0000   0.0000   1.0000    0.0356 
             28  43.0492  21.1965   3.2571   0.0000   0.0000   1.0000    0.0053 
             29  47.4991  21.1966   3.2733   0.0000   0.0000   1.0000    0.0274 
             30   3.0004  25.7513   3.3778   0.0000   0.0000   1.0000    0.0727 
             31   7.4498  25.7480   3.2540   0.0000   0.0000   1.0000   -0.0453 
             32  11.8998  25.7468   3.2673   0.0000   0.0000   1.0000   -0.0262 
             33  16.3494  25.7463   3.2766   0.0000   0.0000   1.0000   -0.0111 
             34  20.8000  25.7462   3.2703   0.0000   0.0000   1.0000   -0.0116 
             35  25.2499  25.7457   3.2517   0.0000   0.0000   1.0000   -0.0244 
             36  29.6998  25.7460   3.2743   0.0000   0.0000   1.0000    0.0040 
             37  34.1496  25.7456   3.2614   0.0000   0.0000   1.0000   -0.0031 
             38  38.6000  25.7457   3.2933   0.0000   0.0000   1.0000    0.0345 
             39  43.0499  25.7457   3.2554   0.0000   0.0000   1.0000    0.0024 
             40  47.4999  25.7454   3.2689   0.0000   0.0000   1.0000    0.0217 
             41   3.0002  30.2992   3.4021   0.0000   0.0000   1.0000    0.0957 MAX
             42   7.4498  30.2957   3.2851   0.0000   0.0000   1.0000   -0.0154 
             43  11.8999  30.2957   3.2983   0.0000   0.0000   1.0000    0.0035 
             44  16.3500  30.2957   3.3240   0.0000   0.0000   1.0000    0.0351 
             45  20.7996  30.2956   3.2983   0.0000   0.0000   1.0000    0.0151 
             46  25.2496  30.2957   3.2825   0.0000   0.0000   1.0000    0.0052 
             47  29.6997  30.2954   3.3044   0.0000   0.0000   1.0000    0.0328 
             48  34.1499  30.2952   3.2940   0.0000   0.0000   1.0000    0.0283 
             49  38.5998  30.2955   3.2998   0.0000   0.0000   1.0000    0.0398 
             50  43.0498  30.2952   3.2819   0.0000   0.0000   1.0000    0.0277 
             51  47.5000  30.2955   3.2952   0.0000   0.0000   1.0000    0.0468 
             52   3.0002  34.8505   3.3747   0.0000   0.0000   1.0000    0.0671 
             53   7.4496  34.8473   3.2581   0.0000   0.0000   1.0000   -0.0437 
             54  11.8999  34.8465   3.2754   0.0000   0.0000   1.0000   -0.0206 
             55  16.3493  34.8464   3.2785   0.0000   0.0000   1.0000   -0.0117 
             56  20.7996  34.8472   3.2726   0.0000   0.0000   1.0000   -0.0118 
             57  25.2492  34.8471   3.2527   0.0000   0.0000   1.0000   -0.0259 
             58  29.6999  34.8468   3.2743   0.0000   0.0000   1.0000    0.0015 
             59  34.1497  34.8468   3.2637   0.0000   0.0000   1.0000   -0.0033 
             60  38.6000  34.8467   3.2904   0.0000   0.0000   1.0000    0.0291 
             61  43.0502  34.8469   3.2531   0.0000   0.0000   1.0000   -0.0024 
             62  47.4999  34.8468   3.2643   0.0000   0.0000   1.0000    0.0146 
             63   3.0002  39.4007   3.3689   0.0000   0.0000   1.0000    0.0600 
             64   7.4500  39.3951   3.2605   0.0000   0.0000   1.0000   -0.0425 
             65  11.9003  39.3952   3.2778   0.0000   0.0000   1.0000   -0.0195 
             66  16.3497  39.3949   3.2814   0.0000   0.0000   1.0000   -0.0100 
             67  20.7997  39.3953   3.2730   0.0000   0.0000   1.0000   -0.0127 
             68  25.2494  39.3952   3.2551   0.0000   0.0000   1.0000   -0.0247 
             69  29.6991  39.3952   3.2736   0.0000   0.0000   1.0000   -0.0005 
             70  34.1502  39.3950   3.2633   0.0000   0.0000   1.0000   -0.0049 
             71  38.5994  39.3951   3.2934   0.0000   0.0000   1.0000    0.0309 
             72  43.0495  39.3952   3.2494   0.0000   0.0000   1.0000   -0.0072 
             73  47.4998  39.3954   3.2618   0.0000   0.0000   1.0000    0.0109 
             74   3.0000  43.9509   3.3665   0.0000   0.0000   1.0000    0.0565 
             75   7.4500  43.9475   3.2627   0.0000   0.0000   1.0000   -0.0416 
             76  11.8997  43.9465   3.2817   0.0000   0.0000   1.0000   -0.0168 
             77  16.3498  43.9459   3.2816   0.0000   0.0000   1.0000   -0.0111 
             78  20.7996  43.9459   3.2731   0.0000   0.0000   1.0000   -0.0138 
             79  25.2498  43.9459   3.2534   0.0000   0.0000   1.0000   -0.0277 
             80  29.6999  43.9458   3.2697   0.0000   0.0000   1.0000   -0.0056 
             81  34.1491  43.9457   3.2639   0.0000   0.0000   1.0000   -0.0056 
             82  38.5998  43.9457   3.2882   0.0000   0.0000   1.0000    0.0244 
             83  43.0497  43.9459   3.2438   0.0000   0.0000   1.0000   -0.0141 
             84  47.5000  43.9456   3.2597   0.0000   0.0000   1.0000    0.0075 
             85   2.9999  48.5002   3.3614   0.0000   0.0000   1.0000    0.0500 
             86   7.4500  48.4971   3.2643   0.0000   0.0000   1.0000   -0.0412 
             87  11.8997  48.4966   3.2820   0.0000   0.0000   1.0000   -0.0178 
             88  16.3498  48.4964   3.2787   0.0000   0.0000   1.0000   -0.0152 
             89  20.7998  48.4964   3.2746   0.0000   0.0000   1.0000   -0.0136 
             90  25.2500  48.4967   3.2549   0.0000   0.0000   1.0000   -0.0274 
             91  29.6999  48.4961   3.2687   0.0000   0.0000   1.0000   -0.0079 
             92  34.1499  48.4962   3.2613   0.0000   0.0000   1.0000   -0.0094 
             93  38.5998  48.4963   3.2869   0.0000   0.0000   1.0000    0.0219 
             94  43.0500  48.4965   3.2434   0.0000   0.0000   1.0000   -0.0157 
             95  47.4998  48.4961   3.2562   0.0000   0.0000   1.0000    0.0028 
             96   3.0000  53.0513   3.3608   0.0000   0.0000   1.0000    0.0482 
             97   7.4488  53.0468   3.2768   0.0000   0.0000   1.0000   -0.0300 
             98  11.9000  53.0452   3.2936   0.0000   0.0000   1.0000   -0.0074 
             99  16.3500  53.0447   3.2902   0.0000   0.0000   1.0000   -0.0050 
            100  20.7995  53.0445   3.2841   0.0000   0.0000   1.0000   -0.0053 
            101  25.2499  53.0446   3.2643   0.0000   0.0000   1.0000   -0.0193 
            102  29.7001  53.0448   3.2669   0.0000   0.0000   1.0000   -0.0109 
            103  34.1490  53.0446   3.2640   0.0000   0.0000   1.0000   -0.0080 
            104  38.5998  53.0448   3.2864   0.0000   0.0000   1.0000    0.0201 
            105  43.0500  53.0450   3.2378   0.0000   0.0000   1.0000   -0.0226 
            106  47.4998  53.0448   3.2535   0.0000   0.0000   1.0000   -0.0012 
            107   2.9999   2.9959   3.3887   0.0000   0.0000   1.0000    0.0898 
            108   7.4499   2.9952   3.2373   0.0000   0.0000   1.0000   -0.0558 MIN
            109  11.8987   2.9949   3.2532   0.0000   0.0000   1.0000   -0.0341 
            110  16.3498   2.9944   3.2724   0.0000   0.0000   1.0000   -0.0091 
            111  20.8000   2.9950   3.2623   0.0000   0.0000   1.0000   -0.0134 
            112  25.2498   2.9945   3.2493   0.0000   0.0000   1.0000   -0.0206 
 
 
PART NUMBER=552-...-...-...    DATE=14/02/2022     TIME=12:33:55           PAGE#=3
DIM RETTIL7= RETTILINEIT DI LINEA 12_LE  SD=0.0292  UNIT=MM
AS   NOMINALE        MIS
M       0.0000     0.0913
DATIPUNTI  N.PUNTO   MIS X      Y        Z      VETT I      J        K    DEVIAZIONE
12_LE         1  51.6411   2.8075   1.8348   0.0015   1.0000  -0.0061    0.0336 MAX
              2  51.6124   7.1102   1.8348   0.0015   1.0000  -0.0061    0.0110 
              3  51.6001  11.4083   1.8348   0.0015   1.0000  -0.0061    0.0049 
              4  51.5920  15.7106   1.8348   0.0015   1.0000  -0.0061    0.0029 
              5  51.5665  20.0092   1.8348   0.0015   1.0000  -0.0061   -0.0164 
              6  51.5191  24.3116   1.8348   0.0015   1.0000  -0.0061   -0.0576 MIN
              7  51.5321  28.6098   1.8348   0.0015   1.0000  -0.0061   -0.0385 
              8  51.5501  32.9076   1.8348   0.0015   1.0000  -0.0061   -0.0143 
              9  51.5882  37.2128   1.8348   0.0015   1.0000  -0.0061    0.0299 
             10  51.5804  41.5118   1.8348   0.0015   1.0000  -0.0061    0.0282 
             11  51.5622  45.8095   1.8348   0.0015   1.0000  -0.0061    0.0162 
 
 
PART NUMBER=552-...-...-...    DATE=14/02/2022     TIME=12:33:55           PAGE#=4
DIM RETTIL8= RETTILINEIT DI LINEA 12_LO  SD=0.0237  UNIT=MM
AS   NOMINALE        MIS
M       0.0000     0.0708
DATIPUNTI  N.PUNTO   MIS X      Y        Z      VETT I      J        K    DEVIAZIONE
12_LO         1   0.0024  11.6268   1.8385   0.0029  -1.0000   0.0060    0.0288 MAX
              2  -0.0010  15.9242   1.8385   0.0029  -1.0000   0.0060    0.0069 
              3  -0.0174  20.2236   1.8385   0.0029  -1.0000   0.0060   -0.0019 
              4  -0.0194  24.5286   1.8385   0.0029  -1.0000   0.0060   -0.0253 
              5  -0.0279  28.8229   1.8385   0.0029  -1.0000   0.0060   -0.0420 MIN
              6  -0.0773  33.1233   1.8385   0.0029  -1.0000   0.0060   -0.0179 
              7  -0.1349  37.4293   1.8385   0.0029  -1.0000   0.0060    0.0144 
              8  -0.1658  41.7279   1.8385   0.0029  -1.0000   0.0060    0.0200 
              9  -0.1973  46.0247   1.8385   0.0029  -1.0000   0.0060    0.0262 
             10  -0.2104  50.3304   1.8385   0.0029  -1.0000   0.0060    0.0140 
             11  -0.1986  54.6247   1.8385   0.0029  -1.0000   0.0060   -0.0231 
 
 
DIM 12_LENGHT= DISTANZA 2D DA PIANO 12_LN SU PIANO 12_LS PAR SU   ASSEY,NO RAGGIO  UNIT=MM
AS   NOMINALE        MIS
M      56.2983    56.2633
 
DIM 12_WIDTH= DISTANZA 2D DA LINEA 12_LE SU LINEA 12_LO PAR SU   ASSEX,NO RAGGIO  UNIT=MM
AS   NOMINALE        MIS
M      51.4462    51.6720
 
DIM 12_THICKNESS= DISTANZA 2D DA PIANO GRANITO_42 SU PIANO 12_FS PERPEND SU PIANO 12_FS,NO RAGGIO  UNIT=MM
AS   NOMINALE        MIS
M       3.3641     3.2754
 
DIM 12_LBAR1_UP= DISTANZA 2D DA PUNTO P760 SU PUNTO P804 PAR SU   ASSEY,NO RAGGIO  UNIT=MM
AS   NOMINALE        MIS
M      56.2983    56.2806
 
DIM 12_LBAR1_DOWN= DISTANZA 2D DA PUNTO P761 SU PUNTO P805 PAR SU   ASSEY,NO RAGGIO  UNIT=MM
AS   NOMINALE        MIS
M      56.2983    56.2772
 
DIM 12_LBAR2_UP= DISTANZA 2D DA PUNTO P762 SU PUNTO P802 PAR SU   ASSEY,NO RAGGIO  UNIT=MM
AS   NOMINALE        MIS
M      56.2983    56.2815
 
DIM 12_LBAR2_DOWN= DISTANZA 2D DA PUNTO P763 SU PUNTO P803 PAR SU   ASSEY,NO RAGGIO  UNIT=MM
AS   NOMINALE        MIS
M      56.2983    56.2810
 
DIM 12_LBAR3_UP= DISTANZA 2D DA PUNTO P764 SU PUNTO P800 PAR SU   ASSEY,NO RAGGIO  UNIT=MM
AS   NOMINALE        MIS
M      56.2983    56.2784
 
DIM 12_LBAR3_DOWN= DISTANZA 2D DA PUNTO P765 SU PUNTO P801 PAR SU   ASSEY,NO RAGGIO  UNIT=MM
AS   NOMINALE        MIS
M      56.2983    56.2811
 
PART NUMBER=552-...-...-...    DATE=14/02/2022     TIME=12:33:55           PAGE#=5
DIM 12_LBAR4_UP= DISTANZA 2D DA PUNTO P766 SU PUNTO P798 PAR SU   ASSEY,NO RAGGIO  UNIT=MM
AS   NOMINALE        MIS
M      56.2983    56.2635
 
DIM 12_LBAR4_DOWN= DISTANZA 2D DA PUNTO P767 SU PUNTO P799 PAR SU   ASSEY,NO RAGGIO  UNIT=MM
AS   NOMINALE        MIS
M      56.2983    56.2659
 
DIM 12_LBAR5_UP= DISTANZA 2D DA PUNTO P768 SU PUNTO P796 PAR SU   ASSEY,NO RAGGIO  UNIT=MM
AS   NOMINALE        MIS
M      56.2983    56.2851
 
DIM 12_LBAR5_DOWN= DISTANZA 2D DA PUNTO P769 SU PUNTO P797 PAR SU   ASSEY,NO RAGGIO  UNIT=MM
AS   NOMINALE        MIS
M      56.2983    56.2847
 
DIM 12_LBAR6_UP= DISTANZA 2D DA PUNTO P770 SU PUNTO P794 PAR SU   ASSEY,NO RAGGIO  UNIT=MM
AS   NOMINALE        MIS
M      56.2983    56.2684
 
DIM 12_LBAR6_DOWN= DISTANZA 2D DA PUNTO P771 SU PUNTO P795 PAR SU   ASSEY,NO RAGGIO  UNIT=MM
AS   NOMINALE        MIS
M      56.2983    56.2686
 
DIM 12_LBAR7_UP= DISTANZA 2D DA PUNTO P772 SU PUNTO P792 PAR SU   ASSEY,NO RAGGIO  UNIT=MM
AS   NOMINALE        MIS
M      56.2983    56.2927
 
DIM 12_LBAR7_DOWN= DISTANZA 2D DA PUNTO P773 SU PUNTO P793 PAR SU   ASSEY,NO RAGGIO  UNIT=MM
AS   NOMINALE        MIS
M      56.2983    56.2907
 
DIM 12_LBAR8_UP= DISTANZA 2D DA PUNTO P774 SU PUNTO P790 PAR SU   ASSEY,NO RAGGIO  UNIT=MM
AS   NOMINALE        MIS
M      56.2983    56.2835
 
DIM 12_LBAR8_DOWN= DISTANZA 2D DA PUNTO P775 SU PUNTO P791 PAR SU   ASSEY,NO RAGGIO  UNIT=MM
AS   NOMINALE        MIS
M      56.2983    56.2852
 
DIM 12_LBAR9_UP= DISTANZA 2D DA PUNTO P776 SU PUNTO P788 PAR SU   ASSEY,NO RAGGIO  UNIT=MM
AS   NOMINALE        MIS
M      56.2983    56.2846
 
DIM 12_LBAR9_DOWN= DISTANZA 2D DA PUNTO P777 SU PUNTO P789 PAR SU   ASSEY,NO RAGGIO  UNIT=MM
AS   NOMINALE        MIS
M      56.2983    56.2872
 
DIM 12_LBAR10_UP= DISTANZA 2D DA PUNTO P778 SU PUNTO P786 PAR SU   ASSEY,NO RAGGIO  UNIT=MM
AS   NOMINALE        MIS
M      56.2983    56.2691
 
DIM 12_LBAR10_DOWN= DISTANZA 2D DA PUNTO P779 SU PUNTO P787 PAR SU   ASSEY,NO RAGGIO  UNIT=MM
AS   NOMINALE        MIS
M      56.2983    56.2705
 
